Tool name: bowtie2
Dataset_path: saved_data/bowtie2_transformed.txt
Seed: 0
Model_params: ["n_estimators: 200", "bootstrap: True", "criterion: squared_error", "max_depth: None", "min_samples_leaf: 1", "random_state: 0"]
Time for training in mins: 0.023454014460245767
Feature importance: [0.96317556 0.03682444 0.        ]
Mean absolute error: 1.4283603181996734
Mean squared error: 5.992121272872231
Root mean squared error: 2.447880976042796
R2 Score: 0.9016994766550313
############################
Filesize (GB), Prediction (GB), Target (GB), Create_time
############################
0.872749877,2.4440741478400057,2.44463616,0
0.202129411,4.23733806924233,6.87214592,0
0.001966851,2.0603925230933244,7.136006144,0
0.595083522,2.3781857279999956,2.434371584,0
2.920300464,6.812008872131055,6.90880512,0
0.174523537,2.490832885464622,1.388670976,0
6.549e-05,3.9595080562836262,7.013056512,0
0.234546495,1.5469435289600002,1.543368704,0
0.608585694,2.36270907392,2.347257856,0
4.737503409,14.495354050559957,16.929886208,0
6.480744704,14.174721938041897,13.309575168,0
2.723701934,11.06567176216383,7.044706304,0
0.204406584,4.6185888692575165,4.09716736,0
0.220761665,0.6379031074133352,0.611319808,0
0.001945222,0.20393146350120625,0.231534592,0
0.255077009,0.8479410995199994,0.722485248,0
14.95941165,21.576224378879953,22.15079936,0
0.257323549,0.6864880640000002,0.694669312,0
0.070522747,2.566769936214274,1.123577856,0
1.282853096,3.467246237988573,2.251022336,0
0.606354433,2.338519700138664,2.766471168,0
0.269800676,4.847564039302318,4.222480384,0
9.304376152,19.50819426304002,18.158641152,0
0.003286001,0.21297573888000051,0.2025472,0
2.405456842,9.690859315200031,5.67164928,0
0.020155628,0.24621504511999998,0.253550592,0
1.821811195,9.187036016639995,4.861345792,0
0.019945143,0.23824097279999953,0.254509056,0
0.256541404,0.6808165376000024,0.683966464,0
0.217010402,4.460188307493694,4.128243712,0
0.03201349,0.24249161728000015,0.241782784,0
0.00824316,0.44753338367999945,3.12631296,0
0.114718857,4.659840079115865,3.908513792,0
0.0,18.987118239402694,6.586683392,0
0.093486552,4.479397104652919,3.858317312,0
0.61640109,2.489021036202671,2.454335488,0
0.602202583,2.409529569280003,2.264772608,0
0.599132243,2.2771705538559974,2.674540544,0
32.162122692,32.11378638847989,30.737842176,0
0.108489759,4.223494348704553,1.321291776,0
0.218542554,4.7916232764454145,4.107575296,0
5.47406899,18.026712702976027,11.749441536,0
0.204406584,4.6185888692575165,7.64751872,0
5.708468902,16.997678820351993,18.628694016,0
0.19435591,4.360101299524027,4.076736512,0
0.605438408,2.64560641945599,2.35313152,0
4.826164057,16.018339891199947,6.953586688,0
0.148876741,4.666757395764692,3.981185024,0
0.612000374,2.3708673843199937,2.478596096,0
0.001188068,0.2942956021368676,0.269594624,0
1.946374533,8.002590760960022,8.9796608,0
3.885485658,18.382052859904043,19.619872768,0
1.093471257,2.836279255040005,3.064070144,0
0.001846197,0.22798072322438137,0.20527104,0
0.254838902,7.259586641920007,8.276844544,0
0.262985162,0.705273978880002,0.712925184,0
2.522277443,10.316402810880016,13.243244544,0
0.218813069,4.730624617818942,7.705378816,0
1.578263896,9.804903608319982,3.94811392,0
2.927878604,7.952207396693322,8.15239168,0
9.120877476,18.121762222080015,19.066097664,0
0.217010402,4.460188307493694,4.129746944,0
15.895103098,25.370262328661333,27.770376192,0
1.671147436,4.590252543999992,1.628434432,0
0.261605886,0.7125212569600007,0.89257984,0
0.202129411,4.23733806924233,4.076376064,0
0.093486552,4.479397104652919,3.85837056,0
7.721748271,17.965332002133273,17.926004736,0
7.997990664,23.34268602368,17.61564672,0
0.580256909,2.118155489279995,2.357260288,0
0.9601175,13.527602728960032,12.662083584,0
0.595096086,2.460872499199993,2.138800128,0
0.260184387,0.7050320281600004,0.706179072,0
0.114718857,4.659840079115865,3.904970752,0
3.106133199,12.368131102720003,16.5573632,0
2.796297088,7.119467984554668,9.733632,0
0.245215532,0.6425359974400021,0.658558976,0
1.1095788,2.3821373498514213,0.21256192,0
1.186202589,3.5696540330666657,3.201953792,0
2.012986988,7.194086507032363,15.534948352,0
15.718248386,25.649428384426628,17.283178496,0
3.986862917,15.071110758399968,13.709062144,0
0.187473702,4.571442466253352,4.059529216,0
0.193846227,4.530833797643233,1.43867904,0
0.114718857,4.659840079115865,7.345426432,0
0.187473702,4.571442466253352,4.06284288,0
0.272115439,4.847564039302318,3.911868416,0
0.227557042,1.9399515667692393,1.525563392,0
0.551468271,1.6429027259733342,1.432694784,0
0.220043466,1.5028467097599987,1.491017728,0
9.09891926,15.827948769279969,13.559222272,0
0.22344427,7.41783237628749,0.61630464,0
0.226126809,1.5214641356799996,1.525481472,0
1.282540924,3.467246237988573,2.248708096,0
0.130405556,0.8741002495999979,4.419866624,0
1.666599697,5.332922736639995,8.899272704,0
0.037762387,5.904680427520001,3.735543808,0
0.612693222,2.4829853485836226,2.339590144,0
0.256423196,0.6807100006400022,0.70014976,0
0.225959661,1.5184407756799996,1.499721728,0
0.007524505,4.299420298858159,3.673452544,0
0.020797338,0.23946549247999932,0.238915584,0
0.676285687,3.5037802700800045,2.656444416,0
0.263181278,0.7033641574400002,0.691273728,0
0.019190788,0.23653345279999996,0.234016768,0
0.258682888,0.6997933260800007,0.700858368,0
0.606228102,2.444684488021331,2.444255232,0
0.01781543,0.23187978239999968,0.221597696,0
1.496024439,5.564248985600009,2.888630272,0
0.453108199,3.8886672384000063,1.134952448,0
0.030622341,5.770880966161025,6.224023552,0
0.251190008,0.6940853247999985,0.6679552,0
0.0228508,5.9149365034910435,3.296600064,0
0.613526901,2.3020852841813353,2.395783168,0
8.199419873,17.291317170175997,24.458518528,0
10.257936491,18.686127124480024,18.373955584,0
0.946518507,2.5501225574399924,2.654601216,0
0.411152471,6.719535370239994,1.166245888,0
39.607317273,32.11384167765335,32.212516864,0
1.16313759,6.450614968320002,13.016670208,0
3.205078723,10.717055569919994,5.319016448,0
10.52256092,22.14227357969066,17.144594432,0
0.603913774,2.2705322803199968,2.505936896,0
0.940569635,1.985040872106662,2.653712384,0
2.913786379,6.8734021640777225,9.770930176,0
0.205905889,1.4695935180800017,3.7572608,0
0.114718857,4.659840079115865,3.904745472,0
0.328103996,5.755912234758638,4.367806464,0
0.001188068,0.2942956021368676,0.267722752,0
0.000126593,3.24761901762795,3.324100608,0
0.278546435,0.7473862246400003,0.745197568,0
0.03134079,0.24818702335999998,0.238882816,0
5.229646312,12.303136931839997,10.631405568,0
0.088152763,5.627900491530044,6.605234176,0
2.564475106,9.34899997934931,6.493827072,0
0.019337137,0.23653345279999996,0.235220992,0
0.001188068,0.2942956021368676,0.470278144,0
0.132930511,4.456326734566146,3.948822528,0
9.963249677,30.16603940863995,32.205893632,0
4.639783623,15.729670232063956,14.347866112,0
2.054173735,11.635149972480024,19.795144704,0
0.608585694,2.36270907392,2.400718848,0
2.414862,5.906620149759991,5.4243328,0
0.232319562,1.5426338611200014,1.54114048,0
0.164619977,4.6237038796800025,0.678694912,0
3.951763356,14.65693093888,14.270980096,0
0.665591234,3.4425405235200044,7.148077056,0
0.002780344,0.22518892544000024,0.23400448,0
0.093486552,4.479397104652919,3.84831488,0
2.089874248,3.6436454111889542,2.568810496,0
4.737503409,14.495354050559957,16.116908032,0
0.21171819,4.771887860659775,4.092403712,0
0.259520943,0.7166714265600008,0.70254592,0
0.05078052,5.045504769041354,3.62426368,0
3.246881992,11.36473936657069,13.821308928,0
0.045442085,4.098440396800012,3.80823552,0
0.209897081,0.6329753395200022,0.822808576,0
0.261196483,0.7156858470399999,0.708022272,0
0.000396491,0.1986681856000001,0.200482816,0
0.227875183,1.5277376512000016,1.507139584,0
0.21171819,4.771887860659775,4.100763648,0
0.49457485,1.7315264307199965,1.189003264,0
0.336143541,5.505110574830119,4.568567808,0
0.132930511,4.456326734566146,3.92462336,0
0.25360486,0.757418188799999,0.675516416,0
0.007524505,4.299420298858159,3.670593536,0
0.268112139,0.7204734976000005,0.722198528,0
3.59369767,12.494221926399998,13.701173248,0
3.706776119,8.12228280320002,8.324063232,0
16.976069079,27.678458736640025,24.215281664,0
0.605364354,2.7035449753599914,2.61599232,0
6.549e-05,3.9595080562836262,3.622064128,0
8.116466276,21.50043533311999,25.647788032,0
4.021381732,13.926444359680016,12.7577088,0
2.474426267,8.88426524635429,13.424738304,0
2.75407325,7.453941490346654,9.847742464,0
0.22881864,1.57802924032,1.532809216,0
0.086966135,3.3812354321066618,0.38457344,0
0.226564678,1.51651391488,1.52666112,0
25.741877026,30.853339033600008,27.927711744,0
6.829016519,17.374497004202702,17.65023744,0
0.148876741,4.666757395764692,3.96316672,0
11.314946125,16.680546017280005,21.444919296,0
0.215540446,3.1315564544,4.135002112,0
0.148876741,4.666757395764692,3.981561856,0
0.708024783,11.706104501394272,1.998073856,0
0.604092221,2.2613485363200043,2.407387136,0
0.479775313,1.21808125952,1.747767296,0
6.918766509,19.119320128512,20.301398016,0
0.528026147,2.6718913706666734,2.243969024,0
1.1551e-05,5.647304622762658,6.23929344,0
0.148876741,4.666757395764692,3.981590528,0
0.362030677,5.504232488960001,7.924199424,0
3.50048859,9.487645949269318,8.82573312,0
9.921658487,30.306492272640085,32.29749248,0
0.223863302,1.505402879999995,1.500368896,0
0.594230744,2.3994483916800045,2.331037696,0
0.54114141,8.541213143040006,7.645405184,0
0.014158348,0.21581187861942902,0.2246656,0
0.623970751,2.3473508792319997,2.446118912,0
0.21171819,4.771887860659775,4.11559936,0
7.618746437,16.584302777685316,13.448863744,0
4.788057043,11.56948918272002,18.666663936,0
19.118536086,27.85191428778661,28.197261312,0
5.713230818,17.93474154900723,12.484767744,0
0.143095221,4.416013944029145,3.951714304,0
0.001945488,2.0603925230933244,6.40258048,0
0.371042756,0.9305063471786663,0.186109952,0
8.10619162,22.750569799679994,16.00401408,0
7.85706284,15.407655444480016,15.128428544,0
0.251995391,0.6718014259200007,0.671010816,0
0.158040808,0.902947846144001,0.689553408,0
0.229501184,1.5166964531200013,1.532203008,0
8.11234099,22.750569799679994,18.207903744,0
7.986444442,20.402548223999954,24.578715648,0
2.761980506,11.080482270110492,10.075705344,0
0.235690579,1.5334383001599972,1.545285632,0
0.148876741,4.666757395764692,3.98159872,0
0.594608482,2.500347617279999,2.331713536,0
0.225105748,1.5017254707200005,1.496326144,0
0.218813069,4.730624617818942,4.130975744,0
3.16020877,14.056709453823983,13.707825152,0
0.217010402,4.460188307493694,4.128387072,0
0.204406584,4.6185888692575165,4.096897024,0
20.272363524,28.999471538175936,32.212385792,0
0.256331018,0.6864857292800001,0.678060032,0
6.406087872,14.061379965513126,13.10015488,0
1.281575024,5.237277960143246,4.269973504,0
12.201686973,21.68255186944001,20.913430528,0
0.008669924,0.21867202559999996,0.210182144,0
18.795249736,26.764266444799937,24.38391808,0
3.092336715,12.645555825664024,12.73747456,0
0.202129411,4.23733806924233,4.073893888,0
0.000126593,3.24761901762795,3.2514048,0
0.220791206,1.4978838937600003,1.50786048,0
0.093486552,4.479397104652919,3.861131264,0
5.352350205,21.565890990079975,12.960272384,0
7.897821277,17.908529233919978,15.636017152,0
0.052276877,1.9823992579413343,0.289763328,0
0.001943117,0.20393146350120625,0.227934208,0
6.5483e-05,3.9595080562836262,7.004770304,0
1.065287326,2.867275857919995,3.104423936,0
1.033947983,2.5380358553599964,2.769874944,0
0.201105934,2.9170823746782615,1.453940736,0
0.187473702,4.571442466253352,7.634526208,0
6.522939069,16.932412511817148,15.33904896,0
0.071558567,0.4094168473599997,0.567865344,0
20.682077302,29.591021346816078,22.969061376,0
6.5486e-05,3.9595080562836262,3.643994112,0
0.248533461,3.226318745600009,4.215988224,0
0.224177504,1.515152814079998,1.493331968,0
0.21682671,2.0071270151518728,1.48000768,0
3.668805084,13.226144604159975,8.339456,0
0.000230969,3.3162744831999906,3.285262336,0
3.983808456,15.050838241279969,14.86553088,0
0.218542554,4.7916232764454145,4.102549504,0
1.674253736,4.247725260799993,4.349054976,0
0.199095678,4.742324346433594,4.086587392,0
0.220535243,1.504746967039997,1.49080064,0
8.360306346,20.446615699456025,24.074756096,0
0.030622341,5.770880966161025,6.332145664,0
0.228712984,0.8074736640000011,7.835389952,0
0.212570721,0.7493440921599996,5.744943104,0
0.001188068,0.2942956021368676,0.471396352,0
0.843557319,13.86512730965333,13.244862464,0
1.012295764,2.164633968640002,1.726803968,0
0.024158341,0.24215803904000094,0.2410496,0
0.606228102,2.444684488021331,2.75953664,0
0.253537953,2.2220871884799953,0.68630528,0
0.420922566,3.903061729280012,7.503228928,0
0.261419156,6.881204183039996,4.260061184,0
6.5492e-05,3.9595080562836262,3.717074944,0
46.115693264,32.21254303402668,32.21264384,0
0.006373546,0.23224125439999949,0.237420544,0
2.854838851,12.794607411199967,16.227627008,0
0.064494448,5.384825120754005,6.922215424,0
0.108387976,4.223494348704553,5.335855104,0
0.279762398,0.8041495961599989,7.879626752,0
0.218813069,4.730624617818942,4.134187008,0
0.256668043,0.682354012160003,0.67874816,0
9.555185552,19.291598909439973,19.9563264,0
0.939080446,1.9775273335466619,1.606742016,0
0.004080477,5.458441482239982,6.707802112,0
0.029872452,5.8356146826039,6.334246912,0
0.286498374,0.68259680256,0.771948544,0
0.233030174,3.839676334080007,7.514140672,0
0.029906274,5.8356146826039,7.309623296,0
0.238154716,1.5586351103999991,1.55387904,0
0.2204534,0.604277923840002,0.644202496,0
2.989094526,8.589411293525345,9.372909568,0
21.72461798,31.068367114239937,27.338256384,0
0.273532062,0.7395310796800009,0.733978624,0
8.852040971,16.80950466355199,25.821130752,0
0.579437981,1.6200796569600004,1.62832384,0
3.075370215,12.528577723733358,7.996981248,0
0.254363834,0.684191559680002,0.67784704,0
4.762874556,10.625386946560015,11.0294016,0
0.62238379,2.2280785643519923,2.495381504,0
10.860101827,18.91343549951994,14.907355136,0
0.257206881,0.6898061516800018,0.69793792,0
0.127513063,1.047367316479996,0.379195392,0
0.202129411,4.23733806924233,4.095008768,0
0.542869306,2.3813484581546684,8.885174272,0
0.001837143,0.22798072322438137,0.201383936,0
0.291458643,0.7079217310151107,0.707620864,0
0.131803618,4.456326734566146,1.574211584,0
0.559797118,2.3693441514057163,1.327804416,0
0.255313489,0.7122331647999997,0.67565568,0
7.544693244,18.682485381802685,14.920359936,0
4.46536304,10.338310287359977,10.00167424,0
3.432308407,8.929370501119996,5.7652224,0
0.276809513,0.6001621606400012,0.788688896,0
1.636014072,4.290394828799996,10.923810816,0
0.013125919,0.21506945023999954,0.225329152,0
0.231982711,1.5384609996799978,1.517965312,0
6.006931832,19.16576561152,19.043119104,0
0.172195172,4.119845999918804,4.0329216,0
0.037758922,5.904680427520001,3.737219072,0
0.004368049,0.22641702911999992,3.0119936,0
1.223917965,3.613890602325333,2.745769984,0
3.795824138,14.3983381504,14.499504128,0
1.484176097,10.51524969813332,12.770787328,0
0.187473702,4.571442466253352,4.062056448,0
0.611591022,2.3561956966399995,2.351484928,0
0.269800676,4.847564039302318,4.241829888,0
1.674337176,3.8355902668800126,4.313509888,0
0.231333921,0.6266149887999984,0.579985408,0
0.248793252,0.6490913791999999,0.666742784,0
0.590762,2.1990141330773336,2.08562176,0
4.47148769,14.055138614613325,9.563267072,0
4.531026612,11.349871882240006,10.29828608,0
11.831844119,23.229248716800015,26.020892672,0
0.596297895,2.374457241599997,1.379618816,0
0.570797844,2.361718521514661,2.245042176,0
46.115693264,32.21254303402668,32.212516864,0
1.946374533,8.002590760960022,8.98328576,0
5.471509706,17.561503959039996,19.953885184,0
0.37104187,5.654842859519995,8.029364224,0
0.223995261,3.177653000517085,0.61906944,0
0.199088344,0.6643128768609534,4.396285952,0
0.030622341,5.770880966161025,6.180810752,0
0.245757709,1.5688333107200017,1.575845888,0
0.204406584,4.6185888692575165,4.075773952,0
9.348714872,18.58136811519997,21.655912448,0
13.711185056,25.369344137898675,22.285860864,0
2.609708026,8.054442335573322,11.422322688,0
0.618056696,2.370266819584002,2.523029504,0
0.253828977,0.6818688614399993,0.674123776,0
7.397768178,22.451765637119976,16.92934144,0
5.148118895,17.064147763199962,16.264286208,0
0.542260927,2.3813484581546684,1.415528448,0
0.258502068,0.6992018227200023,0.696664064,0
0.22177385,1.505806970879998,1.509961728,0
6.818224468,17.364167376896035,15.213740032,0
3.887712334,18.388254203904044,13.428228096,0
0.610973212,2.3954142801920044,2.108760064,0
0.599132243,2.2771705538559974,2.62895616,0
2.395903118,10.119916625919995,9.516040192,0
4.005260762,15.11039408128,12.235153408,0
2.089874248,3.6436454111889542,2.596896768,0
19.940392482,27.324152128853328,32.212516864,0
1.872321934,8.394567925759997,11.094974464,0
3.780776625,13.714705018880016,17.578713088,0
0.222564204,0.726706034005332,0.643391488,0
0.960219933,2.5549227417600036,2.665783296,0
0.08880476,4.500860156586653,7.071440896,0
0.172195172,4.119845999918804,4.036096,0
0.004947818,0.31864164761599983,0.233971712,0
13.693571469,25.369344137898675,23.790010368,0
0.223592995,1.5145281126399988,1.502752768,0
0.223849285,1.5048491007999953,1.503358976,0
0.004727994,0.34003253930666766,3.012939776,0
3.795017959,14.444203192319998,14.126968832,0
0.453122603,3.8886672384000063,1.136934912,0
4.515867128,14.24442488831999,7.27959552,0
6.5489e-05,3.9595080562836262,3.621507072,0
0.195842909,0.9080693629074291,0.729411584,0
0.652128476,5.7605259264000095,2.146275328,0
0.425012153,1.1134720914773324,1.200254976,0
0.001188068,0.2942956021368676,0.269651968,0
0.264101917,0.7158703308799992,0.712474624,0
1.674264542,4.279248896000012,4.281700352,0
0.003713344,0.2210668113919997,0.201437184,0
0.247280474,0.6662863462400013,0.639246336,0
12.201686973,21.68255186944001,21.730062336,0
33.164450449,32.21253169151989,32.212516864,0
9.295509547,19.10641389568002,18.197786624,0
0.01501642,0.241120515413334,0.248958976,0
0.262909638,0.7107340288000019,0.707780608,0
6.452062386,12.889643050959208,12.979232768,0
3.473364215,6.6499279714011434,13.153501184,0
6.103381536,16.947499274240013,13.31372032,0
0.03201349,0.24249161728000015,0.239755264,0
0.157577474,0.902947846144001,0.697225216,0
0.611550554,2.37121335296,2.0688896,0
3.266543026,11.300880650239964,8.519274496,0
0.0119142,6.070233517636596,6.922436608,0
0.202129411,4.23733806924233,4.101005312,0
0.569776877,2.3652199981592417,2.475483136,0
1.10722627,10.085643436575024,12.84702208,0
2.943157002,5.462096677497906,10.462097408,0
2.383765573,11.125344788480017,8.6099968,0
1.152737173,6.450614968320002,13.971697664,0
0.148876741,4.666757395764692,3.983323136,0
0.018512978,0.24476067840000046,0.250089472,0
7.101481945,11.796837590079756,14.546649088,0
0.00016917,2.756872785920001,3.281928192,0
0.218542554,4.7916232764454145,4.125863936,0
16.53462008,28.316006277119968,26.88786432,0
9.701815576,24.48121587712002,16.286662656,0
0.219156034,1.5827484016315452,1.492762624,0
6.610435513,20.064264277333365,19.199254528,0
0.104298879,1.1501711803733359,1.394089984,0
0.221479519,1.5078468403199978,1.490067456,0
1.281575024,5.237277960143246,4.26350592,0
0.19435591,4.360101299524027,4.451131392,0
20.455670397,28.741081784319963,26.065977344,0
0.310853307,1.7775313624177735,0.18870272,0
10.825162082,19.51938871296001,23.215992832,0
7.846533008,15.721342382080003,15.75870464,0
0.172195172,4.119845999918804,4.010340352,0
2.340332234,10.20497147904,8.674193408,0
9.816535992,21.762154188800015,20.17835008,0
8.29410117,18.03217166540797,21.23077632,0
0.884640412,2.771020165120008,0.606703616,0
0.114718857,4.659840079115865,3.88358144,0
24.992692166,28.58029339784537,32.212516864,0
0.205320223,1.8162209745918902,1.456173056,0
5.693084181,19.281004027562684,19.117023232,0
0.043858382,1.5931169996799965,0.252125184,0
0.187473702,4.571442466253352,4.05960704,0
1.39698547,2.7773364838400028,2.420842496,0
0.606354433,2.338519700138664,2.399522816,0
0.192718886,0.6695122592116358,1.434632192,0
0.72768296,3.21981518848,2.810482688,0
2.947950063,12.711288354133337,12.052353024,0
0.814241004,2.181138872076188,2.136805376,0
0.167886655,0.9698616320000003,0.750088192,0
0.05078052,5.045504769041354,3.623653376,0
0.221248944,1.508197375999997,1.495289856,0
0.185748761,2.1535121973636393,4.078600192,0
0.148876741,4.666757395764692,3.964289024,0
7.919685175,19.48690704383994,22.908993536,0
1.647540528,4.535471308800005,6.934679552,0
4.530984804,11.349871882240006,10.004791296,0
0.139239987,2.4670527385599956,3.938848768,0
0.240130178,0.6539271782400016,0.654364672,0
7.286853855,17.69492905984003,21.752541184,0
0.007524505,4.299420298858159,4.653244416,0
10.323205864,23.390029086720006,19.511218176,0
0.5233184,2.165128179370663,2.5710592,0
0.269800676,4.847564039302318,6.908039168,0
0.172195172,4.119845999918804,4.027195392,0
0.007524505,4.299420298858159,3.67519744,0
0.243647302,0.6403646054400025,0.970063872,0
2.498812107,4.163275520463234,4.044386304,0
0.612693222,2.4829853485836226,2.03210752,0
0.264289982,0.711416831999998,0.749297664,0
6.5482e-05,3.9595080562836262,3.631767552,0
3.221036374,11.79859643153068,13.26641152,0
4.364014783,14.981767929856007,11.960786944,0
0.183982925,3.46127882012445,1.405759488,0
3.246881992,11.36473936657069,14.530772992,0
0.19435591,4.360101299524027,4.0706048,0
3.379042842,12.658606612480005,12.947632128,0
0.214073751,0.6533862809600008,0.62386176,0
0.019986206,5.59928026353651,0.520790016,0
0.256509247,0.6807100006400022,0.681893888,0
0.040525708,1.091102904319996,6.808449024,0
0.610211695,2.4806823113386676,2.537115648,0
0.013265905,4.696302187861338,6.144233472,0
0.603745811,2.202858612053326,2.098741248,0
13.555038958,24.963344909653372,23.507451904,0
9.680288891,17.888657018880025,20.260696064,0
2.406743836,12.526228971520037,11.116158976,0
0.240092637,1.6841024307199999,1.54988544,0
0.272006201,4.847564039302318,5.96752384,0
6.5485e-05,3.9595080562836262,3.628634112,0
1.625411064,5.880125726719984,4.259352576,0
0.103534378,1.209236831573336,0.794648576,0
0.167524035,5.076108758063333,7.562641408,0
0.519295027,2.0962594570239976,1.487241216,0
1.552463524,5.027888148479999,4.030808064,0
0.199095678,4.742324346433594,4.088221696,0
0.190704225,1.4207222374400041,1.423212544,0
21.278482084,27.64597702573105,25.349300224,0
10.509148876,26.155897678506708,29.852012544,0
1.674255388,4.270570352639989,4.212936704,0
0.282431681,0.688600575999999,0.757489664,0
0.255639571,0.6928544972799981,0.694411264,0
0.231222177,1.7891522559999968,1.538605056,0
3.838715696,10.266933268480022,17.848152064,0
24.150844897,28.276530912168834,29.0921472,0
0.209544447,1.5422409932799983,1.478811648,0
0.229761656,1.5301924249600025,1.52686592,0
0.269800676,4.847564039302318,4.242501632,0
2.268379873,11.461098317141332,4.119932928,0
0.207574786,1.457586831360004,1.474371584,0
24.160627584,28.191894340827375,23.091515392,0
10.257374302,18.686127124480024,20.689338368,0
0.218735382,6.532979897100733,1.506332672,0
0.222043484,1.4942197964799997,2.285056,0
0.007524505,4.299420298858159,3.6733952,0
0.227204095,4.49940893807259,4.14498816,0
24.150844897,28.276530912168834,32.212516864,0
0.600027841,2.456620529322672,2.298421248,0
2.118189192,9.023521006071851,18.363686912,0
0.609706151,2.3561144145919957,2.317344768,0
0.611791203,2.356498288639999,2.484240384,0
0.588752404,1.8076223855339695,2.575474688,0
0.202129411,4.23733806924233,4.097560576,0
8.925431108,16.26367161139198,19.994447872,0
0.114718857,4.659840079115865,3.904315392,0
0.187473702,4.571442466253352,4.311379968,0
0.25721289,0.6898061516800018,0.68038656,0
0.778329193,8.08004673535998,2.37316096,0
0.24724793,0.6667389542400015,0.66942976,0
0.221492072,1.5078468403199978,1.507401728,0
0.25529895,0.7122331647999997,0.690642944,0
0.093486552,4.479397104652919,3.859259392,0
0.225643922,1.5210055475200037,1.50339584,0
0.676285687,3.5037802700800045,2.663989248,0
0.603716093,2.2200908117333253,2.461954048,0
0.001188068,0.2942956021368676,0.269611008,0
0.147435622,2.4238781997540655,2.385461248,0
1.945843664,7.646668574720019,8.969650176,0
0.21171819,4.771887860659775,4.117082112,0
5.082195094,15.875433146563042,17.656561664,0
0.204406584,4.6185888692575165,4.09171968,0
19.865203028,27.252401227093323,25.734774784,0
0.108387976,4.223494348704553,3.900362752,0
12.466777025,20.073350717439972,19.860783104,0
0.328103996,5.755912234758638,4.36912128,0
0.349935954,0.9798437410133323,0.508014592,0
0.19435591,4.360101299524027,7.652773888,0
0.199095678,4.742324346433594,4.06317056,0
4.213251972,10.473324144639976,10.649206784,0
7.197198533,18.726240161279982,19.503538176,0
0.215637749,1.8042094387200007,1.479753728,0
8.441324799,18.99753365503995,17.455419392,0
12.201686973,21.68255186944001,20.41606144,0
0.268165413,0.7176820736000005,0.72491008,0
6.61270035,20.98188594858672,20.715016192,0
0.218813069,4.730624617818942,4.106899456,0
0.199095678,4.742324346433594,4.31620096,0
0.60326408,2.287816350720004,2.389757952,0
3.75017111,12.691516968960007,14.065369088,0
0.404262247,9.400598712320015,4.2070016,0
0.27985896,0.8042093158399989,0.743919616,0
9.782538428,32.14273078101333,19.014176768,0
0.011051835,0.2403254271999992,0.213508096,0
3.458768149,10.127974486015995,12.26551296,0
0.52322266,9.066525962240014,5.354070016,0
0.273592563,0.7395310796800009,0.71927808,0
0.602982256,2.3765171804159935,2.093920256,0
0.472926294,1.3453030195200006,1.630339072,0
0.269800676,4.847564039302318,4.239835136,0
10.392898961,25.840768737279973,32.286191616,0
0.445943332,1.1601723965440025,1.12525312,0
0.218542554,4.7916232764454145,4.128677888,0
15.80248375,25.928369340611024,26.785763328,0
0.599866545,2.5675664322560054,2.411855872,0
0.601501717,2.261969393078855,2.080587776,0
0.453122603,3.8886672384000063,1.143160832,0
5.33252761,18.07207079935998,13.88279808,0
0.256346691,0.6832265625600007,0.684068864,0
0.204406584,4.6185888692575165,4.101648384,0
0.263977969,0.7158934527999986,0.71716864,0
0.256243794,0.6864857292800001,0.6991872,0
0.013631759,0.21543856025600022,0.213917696,0
0.190087333,1.417752227839999,1.41121536,0
0.232170439,1.5415980851200046,1.538482176,0
0.225517591,1.5225052569599984,1.504088064,0
1.148711279,4.5432711345493315,3.924209664,0
0.217010402,4.460188307493694,4.128239616,0
1.683278525,3.9845101977600024,4.051234816,0
0.763320257,2.451701600954917,2.147069952,0
0.147435622,2.4238781997540655,2.530746368,0
12.54901138,20.46068060159997,18.223808512,0
0.007524505,4.299420298858159,7.250010112,0
0.612930212,2.3136906516480025,2.216173568,0
0.011661795,0.4206700554240004,0.220102656,0
3.189515932,12.060646555647974,10.311057408,0
0.160366074,2.4613144985600055,1.344315392,0
0.776350253,7.038199705600005,8.178929664,0
0.613965272,2.3532608467626677,2.731917312,0
0.048287738,5.431385216117291,6.992556032,0
0.549663963,2.0154282653013307,2.241388544,0
0.024445943,4.607441985877334,6.202544128,0
0.132930511,4.456326734566146,4.714082304,0
0.807650924,3.412990842879992,13.027254272,0
0.220454128,0.604277923840002,0.6091776,0
0.114718857,4.659840079115865,3.909677056,0
20.528968402,29.415838887936076,24.968118272,0
0.0,18.987118239402694,6.641291264,0
0.199095678,4.742324346433594,4.084281344,0
1.373096928,5.360659916800016,3.69946624,0
0.22835102,1.9562722713599952,1.535889408,0
0.715835384,11.311565926399982,13.442281472,0
0.75849339,10.658560880640023,12.96852992,0
0.226643007,1.5090942976000006,1.52098816,0
6.281255914,18.316227257685295,18.39806464,0
1.410323578,6.988280586240013,3.076284416,0
0.143095221,4.416013944029145,3.964215296,0
4.483806586,10.321597972480008,9.070170112,0
6.549e-05,3.9595080562836262,3.6199424,0
3.936543615,15.971882967040033,14.720548864,0
0.435349206,6.9353624985599875,8.950050816,0
0.205032125,0.59842596864,0.578134016,0
2.009960083,9.10859448831999,11.451367424,0
1.098292326,13.257879880686275,7.848456192,0
3.953262447,14.80357165056001,14.37341696,0
0.2202704,1.4958177894399989,1.484591104,0
10.706224279,20.810701414400032,23.790972928,0
0.72768296,3.21981518848,2.832474112,0
0.611550554,2.37121335296,2.382974976,0
0.746416415,1.773750486015997,1.799421952,0
3.72622854,10.776803880960008,13.59171584,0
0.187473702,4.571442466253352,4.0593408,0
0.006077389,0.21718999039999978,0.204562432,0
6.84436071,15.543522506752026,12.894625792,0
2.260970186,6.758368837631991,4.902105088,0
6.330815369,17.520383863466648,12.224372736,0
0.21171819,4.771887860659775,4.11752448,0
0.227204095,4.49940893807259,4.14582784,0
0.816906434,1.9045254075733353,1.904459776,0
0.173336826,4.119845999918804,1.394663424,0
13.221862353,26.935219721216022,31.015038976,0
0.610171311,2.4806111023786674,2.113093632,0
0.033430256,2.491155875059809,0.2796544,0
0.02018129,3.7196565022195176,0.518463488,0
2.089874248,3.6436454111889542,4.155060224,0
0.19435591,4.360101299524027,4.05211136,0
10.52256092,22.14227357969066,20.103696384,0
3.245681713,11.310460661759969,10.769936384,0
0.607343998,2.14996619264,2.377539584,0
0.001188068,0.2942956021368676,0.468307968,0
9.396627426,19.684745338879974,20.906688512,0
0.193926572,4.9143266875908465,1.44478208,0
0.194396086,4.360101299524027,1.437425664,0
0.190363574,1.4093715660799992,1.43249408,0
6.184352295,20.640475883520022,19.914145792,0
0.227204095,4.49940893807259,4.145823744,0
0.203034714,1.4773651821078275,1.4625792,0
1.674268382,4.336019271680009,4.34563072,0
3.704747862,15.107071078400002,11.58047744,0
0.143095221,4.416013944029145,3.959619584,0
0.227204095,4.49940893807259,4.130988032,0
0.224846105,1.5063317708800015,1.124294656,0
0.773362923,9.698510929919987,13.89412352,0
0.030617014,0.26369511423999953,0.236806144,0
15.80615526,25.928369340611024,28.437782528,0
7.700260873,18.586642589013287,19.292217344,0
1.653263962,5.4729908838399925,6.637449216,0
0.269518234,4.847564039302318,3.926102016,0
6.906457863,19.59044739720529,19.029561344,0
7.46943206,13.443679636821305,14.183346176,0
0.108387976,4.223494348704553,3.874422784,0
0.200524342,1.5218051423456638,1.454211072,0
6.850017329,19.66520708437339,20.270854144,0
0.001188068,0.2942956021368676,0.469614592,0
3.828590357,14.198795837440024,13.266272256,0
7.656453538,16.70277241582934,14.20232704,0
3.512838767,6.749152154185153,13.072580608,0
0.021113727,0.23938562047999934,0.236105728,0
4.342145731,13.576165132970651,14.397833216,0
0.041109981,4.258531676160008,3.374710784,0
0.227839209,1.5562828446881705,1.528143872,0
0.836793984,2.8752107423288904,3.093377024,0
10.485684112,25.990026547200042,30.066774016,0
0.994216664,9.242619822080016,13.29113088,0
0.269800676,4.847564039302318,4.226699264,0
2.227034572,10.856927846399975,9.950273536,0
0.799460678,2.7386292887649546,2.775498752,0
0.571017564,2.398052648960001,2.595508224,0
0.001188068,0.2942956021368676,0.270004224,0
0.605556616,2.442405465941333,2.69103104,0
0.895631851,3.07393732778667,1.958764544,0
6.57275408,13.248458986788597,12.760788992,0
0.118903644,3.667746038491268,4.000223232,0
0.246080874,0.6591652864000019,0.660938752,0
3.734242385,8.556222300159982,8.301879296,0
0.235071102,1.54444017664,1.537626112,0
2.460333752,11.22749850282666,4.368560128,0
0.007524505,4.299420298858159,3.674099712,0
0.600027841,2.456620529322672,2.577866752,0
0.291457757,6.114707701759987,7.559450624,0
5.7446824,14.628298752292544,16.116199424,0
0.187473702,4.571442466253352,4.037595136,0
3.393236111,8.593998784170681,9.096577024,0
0.251564376,0.681794047999999,0.6843392,0
4.043925109,13.998764892159963,14.225895424,0
6.549e-05,3.9595080562836262,6.944456704,0
0.408264716,9.065849446399982,7.823147008,0
0.187473702,4.571442466253352,4.062478336,0
7.905770578,17.876203827199948,15.201517568,0
4.360624006,14.529834291199982,14.124797952,0
0.218542554,4.7916232764454145,4.28713984,0
2.150280889,12.14135232191672,4.907249664,0
0.222002352,0.6410936046933348,0.602165248,0
0.616707131,2.627602252458666,2.264510464,0
0.132930511,4.456326734566146,4.13540352,0
9.1800489,18.998291456000032,22.305738752,0
0.030622341,5.770880966161025,6.3736832,0
0.248911771,0.6714806886399985,0.67915776,0
0.6076981,2.3500958228480004,2.511294464,0
6.600305566,13.211407237851436,13.585948672,0
1.850277895,13.304656322560014,14.015430656,0
3.342659635,11.339589317973328,11.883892736,0
0.256349142,0.6832265625600007,0.683814912,0
0.22308516,1.5097127936000012,1.507733504,0
0.269083703,0.7270028697599982,0.706469888,0
0.204406584,4.6185888692575165,4.075585536,0
0.204406584,4.6185888692575165,4.101353472,0
0.19435591,4.360101299524027,4.303814656,0
0.249416825,0.6789817958400013,0.680275968,0
0.586030734,2.4199548381866576,2.393706496,0
33.262666997,32.11379783679992,32.21252096,0
5.413161829,21.87090909183998,25.650720768,0
0.604537397,2.380724920320003,2.280738816,0
0.601245754,2.2903305727999945,2.64486912,0
1.674273418,4.2600577879771375,4.311662592,0
0.235227707,1.5452925542399993,1.539203072,0
2.715705928,8.488421626880022,6.849777664,0
0.022932779,5.389363051446859,3.130544128,0
1.768377176,5.67247079424,5.47889152,0
10.52203479,19.22881173094403,18.025439232,0
0.221782632,0.640462615893335,0.626229248,0
7.101477206,9.544763149257324,9.090277376,0
0.90119743,3.608700914346668,3.299663872,0
0.59624287,6.3622774784,10.964742144,0
0.015829411,0.22270702523733335,0.232177664,0
0.328103996,5.755912234758638,7.371137024,0
5.148118895,17.064147763199962,13.977260032,0
0.187473702,4.571442466253352,4.061831168,0
4.812752697,11.916922470399992,10.7826176,0
1.789924579,5.171462717440006,4.970893312,0
0.172195172,4.119845999918804,4.02679808,0
0.114718857,4.659840079115865,7.485804544,0
0.02018129,3.7196565022195176,4.037169152,0
17.184173622,24.488495534080045,28.014440448,0
2.960160634,7.541729369283035,6.648774656,0
0.265714323,0.7145700556799999,0.722833408,0
0.093486552,4.479397104652919,3.860852736,0
4.606219334,15.469213231103954,11.458797568,0
1.35122767,10.826376437760016,8.552001536,0
20.990684794,30.70779287278931,32.212516864,0
0.199095678,4.742324346433594,4.059488256,0
0.641908041,10.64604893184001,1.814740992,0
0.057221808,2.0573073971200064,0.452882432,0
0.616550777,2.2352209855146628,2.322034688,0
11.88359797,23.471992258560004,27.263676416,0
0.217010402,4.460188307493694,7.42928384,0
5.334871006,17.0499961856,22.256238592,0
0.228059118,1.5577642393600026,1.380851712,0
6.480744704,14.174721938041897,11.66247936,0
0.251012629,0.6918452019199982,0.671924224,0
186.111646952,30.742662655999933,30.0669952,0
0.249278565,0.6788042342400015,0.6606848,0
0.519503748,2.0962594570239976,2.358874112,0
8.847154638,15.245854883839957,18.85116416,0
4.319474751,15.402367105706617,16.871374848,0
0.228472325,2.6820037017600065,1.530789888,0
1.409085578,3.768075100160002,4.70816768,0
0.617348814,8.38197125120002,9.66623232,0
0.238622595,0.6865594982399972,1.016700928,0
0.88433328,2.842946682880003,2.806738944,0
8.743312174,21.971895701504003,16.784617472,0
1.704314088,6.456759961600003,7.18276608,0
0.268684387,0.7107349708799987,0.724570112,0
0.143095221,4.416013944029145,7.504314368,0
5.955927121,18.820511682560007,13.974884352,0
6.348030936,16.182378409983976,18.063433728,0
15.94380585,24.67411204096004,22.823407616,0
1.033812277,2.5380358553599964,2.297913344,0
0.161705209,5.708174858239984,0.67606528,0
15.133313182,21.533179740159973,24.431706112,0
0.238564746,0.6865594982399972,0.637407232,0
1.1551e-05,5.647304622762658,6.05927424,0
0.012688437,0.25320361239272715,0.212365312,0
0.225621871,0.6207481241599989,0.62253056,0
0.22100775,1.5081504972799973,1.507217408,0
9.050614472,18.045944659968015,18.7544576,0
2.939002638,7.715495587839972,10.645794816,0
0.158652067,0.7502526709760023,0.6986752,0
0.00017057,3.2872664883200047,3.30108928,0
1.664145445,5.332922736639995,4.211236864,0
0.029872452,5.8356146826039,6.118096896,0
0.015016661,0.241120515413334,0.24774656,0
0.598837848,2.314068538026663,2.287087616,0
0.255544584,0.6827459583999991,0.682774528,0
5.317493183,15.896625172479974,16.444358656,0
33.341084693,32.16292713130653,32.21198848,0
