hisat2,120328545350,2,8,31893475328,0
hisat2,5583432977,1,8,16390680576,0
hisat2,7081558668,1,8,21976027136,0
hisat2,6673111181,1,8,21400748032,0
hisat2,7269705216,1,8,18597498880,0
hisat2,7047593595,1,8,17336025088,0
hisat2,7824783760,1,8,22678163456,0
hisat2,7677428739,1,8,20045238272,0
hisat2,8496114655,1,8,21874147328,0
hisat2,5734485569,1,8,16086638592,0
hisat2,8844311588,1,8,22073196544,0
hisat2,10033796920,1,8,21664731136,0
hisat2,5815929937,1,8,14852071424,0
hisat2,8382791941,1,8,20946862080,0
hisat2,7497959017,1,8,19355475968,0
hisat2,5021128809,1,8,17601740800,0
hisat2,7013672336,1,8,20537278464,0
hisat2,3901962897,2,8,17709809664,0
hisat2,1475089685,1,8,12584886272,0
hisat2,1478969311,1,8,13951254528,0
hisat2,1494164414,1,8,14257790976,0
hisat2,960577973,1,8,11942830080,0
hisat2,954716834,1,8,11992518656,0
hisat2,970941408,1,8,11815223296,0
hisat2,1755795127,1,8,14493921280,0
hisat2,1757597726,1,8,14353149952,0
hisat2,1775973085,1,8,14394863616,0
hisat2,132088660,1,8,8375500800,0
hisat2,132061677,1,8,8723660800,0
hisat2,133994151,1,8,8730648576,0
hisat2,1576212574,1,8,14535749632,0
hisat2,1584043882,1,8,14333755392,0
hisat2,1598025871,1,8,14739763200,0
hisat2,1895743065,1,8,15566696448,0
hisat2,1904747454,1,8,15061610496,0
hisat2,1922584301,1,8,12077826048,0
hisat2,1174145006,1,8,12842061824,0
hisat2,1178546873,1,8,9809096704,0
hisat2,1191944324,1,8,12812865536,0
hisat2,1745030624,1,8,14183280640,0
hisat2,1751891814,1,8,13477064704,0
hisat2,1773668388,1,8,14323871744,0
hisat2,1404353925,1,8,14338564096,0
hisat2,1413646630,1,8,14779863040,0
hisat2,1423763254,1,8,14837526528,0
hisat2,1838375971,1,8,15030448128,0
hisat2,1849053469,1,8,15764275200,0
hisat2,1864977905,1,8,15765090304,0
hisat2,1296866834,1,8,12676771840,0
hisat2,1303627708,1,8,12029259776,0
hisat2,1314472463,1,8,12926078976,0
hisat2,1381820717,1,8,13932773376,0
hisat2,1391034881,1,8,13971804160,0
hisat2,1401943941,1,8,13769666560,0
hisat2,1271576607,1,8,9536487424,0
hisat2,1273598377,1,8,12927340544,0
hisat2,1286926358,1,8,13278945280,0
hisat2,1269076907,1,8,11155550208,0
hisat2,1274142900,1,8,13179793408,0
hisat2,1283629701,1,8,13343961088,0
hisat2,1460006447,1,8,14092062720,0
hisat2,1466269798,1,8,13655838720,0
hisat2,1477900318,1,8,14163202048,0
hisat2,2247644661,1,8,15535403008,0
hisat2,2261495343,1,8,16006582272,0
hisat2,2278815034,1,8,15986839552,0
hisat2,1224399538,1,8,13632512000,0
hisat2,1231804807,1,8,13415837696,0
hisat2,1240262802,1,8,13332205568,0
hisat2,1217057971,1,8,13015867392,0
hisat2,1222703407,1,8,13238243328,0
hisat2,1231542058,1,8,13270470656,0
hisat2,1289943478,1,8,13304492032,0
hisat2,1291867905,1,8,13308084224,0
hisat2,1308458942,1,8,11573235712,0
hisat2,825922467,1,8,11408457728,0
hisat2,827149663,1,8,11443081216,0
hisat2,836535692,1,8,11435839488,0
hisat2,945857921,1,8,11751116800,0
hisat2,947600932,1,8,11771506688,0
hisat2,958464808,1,8,11322679296,0
hisat2,1376978919,1,8,12848734208,0
hisat2,1380207084,1,8,12961746944,0
hisat2,1394258170,1,8,12742443008,0
hisat2,1131364929,1,8,12039172096,0
hisat2,1131534893,1,8,12335284224,0
hisat2,1146024224,1,8,12151840768,0
hisat2,1189319331,1,8,12832858112,0
hisat2,1190566294,1,8,12821295104,0
hisat2,1205117977,1,8,12789219328,0
hisat2,1282979980,1,8,13170450432,0
hisat2,1289231007,1,8,13155696640,0
hisat2,1297861111,1,8,13406093312,0
hisat2,2100449258,1,8,15477469184,0
hisat2,2113926244,1,8,15505076224,0
hisat2,2128854352,1,8,15306936320,0
hisat2,4740796109,1,8,21061730304,0
hisat2,4677922771,1,8,20505743360,0
hisat2,4787885807,1,8,22735171584,0
hisat2,28046038438,2,8,32212287488,0
hisat2,26325291310,2,8,32211873792,0
hisat2,8434267072,2,8,17385013248,0
hisat2,1742664001,1,8,4532477952,0
hisat2,1825101516,1,8,4769767424,0
hisat2,1944961000,1,8,15555956736,0
hisat2,978870385,1,8,13990543360,0
hisat2,31072899,1,8,7752654848,0
hisat2,37296508,1,8,7571447808,0
hisat2,113954730,1,8,8133013504,0
hisat2,141915315,1,8,8171773952,0
hisat2,3965248340,1,8,14941339648,0
hisat2,3785861718,1,8,13518999552,0
hisat2,3877249126,1,8,14191407104,0
hisat2,3812609917,1,8,13812658176,0
hisat2,4335401464,1,8,15210848256,0
hisat2,3495413614,1,8,14639394816,0
hisat2,1756028542,1,8,8111759360,0
hisat2,3390318491,1,8,13866098688,0
hisat2,4036347711,1,8,14577209344,0
hisat2,3775813786,1,8,15467651072,0
hisat2,3509431547,1,8,13963005952,0
hisat2,3219452129,1,8,12887056384,0
hisat2,1817271938,1,8,12992196608,0
hisat2,382250640,1,8,1649295360,0
hisat2,329754232,1,8,1386811392,0
hisat2,349196286,1,8,1449021440,0
hisat2,334779381,1,8,1430728704,0
hisat2,15848691468,2,8,31000772608,0
hisat2,15862389690,2,8,25292537856,0
hisat2,8062469346,2,8,18908459008,0
hisat2,8056104632,2,8,19960238080,0
hisat2,467886602,1,8,1450303488,0
hisat2,424095985,1,8,1323712512,0
hisat2,939487356,2,8,2740760576,0
hisat2,15508663024,2,8,21631553536,0
hisat2,13794874722,2,8,26009948160,0
hisat2,22667453938,2,8,30854926336,0
hisat2,11515317846,2,8,27001753600,0
hisat2,13794874722,2,8,25836613632,0
hisat2,15508663024,2,8,25823023104,0
hisat2,22667453938,2,8,30818418688,0
hisat2,23383367230,2,8,32212496384,0
hisat2,14982802274,2,8,25187520512,0
hisat2,12074721926,2,8,23067066368,0
hisat2,13640080188,2,8,25760677888,0
hisat2,10123653014,2,8,22358499328,0
hisat2,13688958802,2,8,27189944320,0
hisat2,12180134008,2,8,24307228672,0
hisat2,12837796154,2,8,23591903232,0
hisat2,11136443884,2,8,21290074112,0
hisat2,14075806540,2,8,25007935488,0
hisat2,2623757225,2,8,19257589760,0
hisat2,2575948915,2,8,17718468608,0
hisat2,2372166718,2,8,17192615936,0
hisat2,1402799855,2,8,14505459712,0
hisat2,1895519914,2,8,16950231040,0
hisat2,3082254764,2,8,20845875200,0
hisat2,12283686906,2,8,26081546240,0
hisat2,14922564544,2,8,24893210624,0
hisat2,12545852124,2,8,28146106368,0
hisat2,15429117924,2,8,25377644544,0
hisat2,13988848930,2,8,28295618560,0
hisat2,12088744976,2,8,28723945472,0
hisat2,12422041140,2,8,24024612864,0
hisat2,13204668118,2,8,23544643584,0
hisat2,129668181,2,8,12774301696,0
hisat2,121025589,2,8,13054357504,0
hisat2,44279983,2,8,11738906624,0
hisat2,157974621,2,8,12890161152,0
hisat2,204312962,2,8,12550283264,0
hisat2,213017537,2,8,11549720576,0
hisat2,5276475101,1,8,28230295552,0
hisat2,4800943365,1,8,26883244032,0
hisat2,5449582362,1,8,27407740928,0
hisat2,6098741212,1,8,29509734400,0
hisat2,5079900049,1,8,28369756160,0
hisat2,3623935197,1,8,29035806720,0
hisat2,5005228330,1,8,29252423680,0
hisat2,5458815991,1,8,27253366784,0
hisat2,4940851344,1,8,27577708544,0
hisat2,5361268417,1,8,26803032064,0
hisat2,5823396489,1,8,26646159360,0
hisat2,297702013,2,8,11716513792,0
hisat2,277715810,2,8,11295584256,0
hisat2,63906548,2,8,11477622784,0
hisat2,118686171,2,8,11349135360,0
hisat2,116680719,2,8,11664039936,0
hisat2,135959034,2,8,11737993216,0
hisat2,142107997,2,8,11789438976,0
hisat2,173046520,2,8,13114982400,0
hisat2,148679057,2,8,11818221568,0
hisat2,239708944,2,8,11788845056,0
hisat2,102293735,2,8,12820717568,0
hisat2,123507593,2,8,13035970560,0
hisat2,47206954,2,8,11577184256,0
hisat2,154527134,2,8,11819147264,0
hisat2,195839029,2,8,11606548480,0
hisat2,216694810,2,8,11427622912,0
hisat2,313163846,2,8,12552994816,0
hisat2,250743272,2,8,12981186560,0
hisat2,43069288,2,8,11468464128,0
hisat2,125556666,2,8,13116334080,0
hisat2,127659600,2,8,12971155456,0
hisat2,139542477,2,8,11533971456,0
hisat2,151065548,2,8,11715391488,0
hisat2,177874986,2,8,12970000384,0
hisat2,159436385,2,8,11819483136,0
hisat2,253542599,2,8,11816521728,0
hisat2,109702193,2,8,11818733568,0
hisat2,102155314,2,8,11814907904,0
hisat2,39014534,2,8,13055733760,0
hisat2,152699053,2,8,11919593472,0
hisat2,2193896059,1,8,8052428800,0
hisat2,12638823168,2,8,29103419392,0
hisat2,180105318,2,8,11732889600,0
hisat2,202249405,2,8,11787595776,0
hisat2,320351744,2,8,11690557440,0
hisat2,268735768,2,8,11603206144,0
hisat2,45990395,2,8,11817672704,0
hisat2,106062836,2,8,11813924864,0
hisat2,110333100,2,8,11792404480,0
hisat2,116989215,2,8,11618615296,0
hisat2,130005258,2,8,11496480768,0
hisat2,147019944,2,8,12065210368,0
hisat2,136308357,2,8,11819425792,0
hisat2,251182889,2,8,11641823232,0
hisat2,15296221300,2,8,32212385792,0
hisat2,15498437618,2,8,28144001024,0
hisat2,13786078668,2,8,29681340416,0
hisat2,14859730684,2,8,28340604928,0
hisat2,9705075768,1,8,18805288960,0
hisat2,9548901010,1,8,19002429440,0
hisat2,11471790180,1,8,15805046784,0
hisat2,10375494881,1,8,18333868032,0
hisat2,8702964423,1,8,17953746944,0
hisat2,9139271864,1,8,17237012480,0
hisat2,9172881437,1,8,18307620864,0
hisat2,9422357631,1,8,17365573632,0
hisat2,10302114631,1,8,19103879168,0
hisat2,7994015249,1,8,15583203328,0
hisat2,2046917727,1,8,8040628224,0
hisat2,18265100432,2,8,26361032704,0
hisat2,41485823548,2,8,32212512768,0
hisat2,52110219944,2,8,32212516864,0
hisat2,45076028344,2,8,32212512768,0
hisat2,42421685448,2,8,32212516864,0
hisat2,54907557256,2,8,32212516864,0
hisat2,55633604196,2,8,32212516864,0
hisat2,2731436949,1,8,32211488768,0
hisat2,2504282200,1,8,32211705856,0
hisat2,2217313383,1,8,32212402176,0
hisat2,2094640094,1,8,32211116032,0
hisat2,2521029797,1,8,32211505152,0
hisat2,2594322105,1,8,32212516864,0
hisat2,2522254523,1,8,32213774336,0
hisat2,2911539795,1,8,32212107264,0
hisat2,2281457835,1,8,32212639744,0
hisat2,2397637634,1,8,32212516864,0
hisat2,2115388938,1,8,32211795968,0
hisat2,2218407735,1,8,32212516864,0
hisat2,2401736271,1,8,32212516864,0
hisat2,2072196618,1,8,32212516864,0
hisat2,2115963778,1,8,32212439040,0
hisat2,2555855332,1,8,32212021248,0
hisat2,2350346979,1,8,32255451136,0
hisat2,2644335867,1,8,32212516864,0
hisat2,2376497957,1,8,32211636224,0
hisat2,2524916003,1,8,32211849216,0
hisat2,2226007822,1,8,32211697664,0
hisat2,2508170571,1,8,32211951616,0
hisat2,2356338645,1,8,32211820544,0
hisat2,2698703544,1,8,32214245376,0
hisat2,3004870900,1,8,32211578880,0
hisat2,2838289917,1,8,32211607552,0
hisat2,3567099941,1,8,32210980864,0
hisat2,1894873828,1,8,32211230720,0
hisat2,2333328345,1,8,32211382272,0
hisat2,2587452589,1,8,32214884352,0
hisat2,2096969084,1,8,14802698240,0
hisat2,1677904974,1,8,14991339520,0
hisat2,1949201353,1,8,15434899456,0
hisat2,1848131690,1,8,15035318272,0
hisat2,2253014207,1,8,16343949312,0
hisat2,2622614199,1,8,17154965504,0
hisat2,1843558286,1,8,15182880768,0
hisat2,1667046887,1,8,14698577920,0
hisat2,1708435072,1,8,15281184768,0
hisat2,20177392876,2,8,32212516864,0
hisat2,18265100432,2,8,32212500480,0
hisat2,17019487702,2,8,29970403328,0
hisat2,18690602910,2,8,32212496384,0
hisat2,18572293402,2,8,32212385792,0
hisat2,14833558764,2,8,28670124032,0
hisat2,18553940108,2,8,30894129152,0
hisat2,16683204306,2,8,29914943488,0
hisat2,17504834286,2,8,30538121216,0
hisat2,18096747358,2,8,27709829120,0
hisat2,17160202090,2,8,32212385792,0
hisat2,121618114,2,8,12714917888,0
hisat2,116494326,2,8,12990767104,0
hisat2,41156390,2,8,13075935232,0
hisat2,150115480,2,8,11673833472,0
hisat2,200670878,2,8,12307042304,0
hisat2,192781833,2,8,12907016192,0
hisat2,301502351,2,8,11465371648,0
hisat2,267422869,2,8,12952104960,0
hisat2,59129857,2,8,11815837696,0
hisat2,113727955,2,8,11818729472,0
hisat2,106367406,2,8,12842041344,0
hisat2,129230906,2,8,11700822016,0
hisat2,127140714,2,8,11453984768,0
hisat2,165792992,2,8,11604602880,0
hisat2,133586452,2,8,13100335104,0
hisat2,246575834,2,8,11819204608,0
hisat2,11515317846,2,8,32211529728,0
hisat2,5474066884,2,8,12711583744,0
hisat2,1393468212,2,8,3678887936,0
hisat2,5568022134,2,8,12773031936,0
hisat2,5474066884,2,8,12190593024,0
hisat2,4465360934,2,8,11032399872,0
hisat2,5568022134,2,8,12467023872,0
hisat2,1393468212,2,8,3678662656,0
hisat2,12074721926,2,8,32212516864,0
hisat2,3488289393,1,8,7758802944,0
hisat2,3533742954,1,8,7755272192,0
hisat2,11737324291,1,8,7559507968,0
hisat2,11927356824,1,8,7754579968,0
hisat2,4516255488,1,8,7757316096,0
hisat2,4721737165,1,8,7755583488,0
hisat2,9713926417,1,8,7754743808,0
hisat2,9747892683,1,8,7755169792,0
hisat2,4126026470,1,8,7754846208,0
hisat2,4220774446,1,8,7755337728,0
hisat2,21842298207,1,8,7754731520,0
hisat2,22132556140,1,8,7755223040,0
hisat2,19871426208,2,8,29495869440,0
hisat2,18956085438,2,8,28989440000,0
hisat2,16482208822,2,8,31616499712,0
hisat2,17577036038,2,8,30498717696,0
hisat2,20136472812,2,8,32212508672,0
hisat2,19001525612,2,8,32212512768,0
hisat2,4826164057,1,8,12118589440,0
hisat2,878924575,1,8,14148116480,0
hisat2,900376852,1,8,13722824704,0
hisat2,1009299887,1,8,14994419712,0
hisat2,943184975,1,8,14164176896,0
hisat2,5474066884,2,8,12324802560,0
hisat2,4465360934,2,8,10525442048,0
hisat2,5568022134,2,8,12978597888,0
hisat2,1393468212,2,8,3665747968,0
hisat2,13794874722,2,8,27834019840,0
hisat2,15508663024,2,8,32212385792,0
hisat2,13640080188,2,8,28165136384,0
hisat2,22667453938,2,8,32212484096,0
hisat2,23383367230,2,8,32212516864,0
hisat2,39954172996,2,8,32211419136,0
hisat2,19835663880,2,8,27528855552,0
hisat2,20083950716,2,8,32212389888,0
hisat2,17227442348,2,8,28684898304,0
hisat2,17845339376,2,8,29448040448,0
hisat2,20181290,1,8,541507584,0
hisat2,2137086127,1,8,13323370496,0
hisat2,3488289393,1,8,7712419840,0
hisat2,43974854347,2,8,7690657792,0
hisat2,43974854347,1,8,7759953920,0
hisat2,17333231658,2,8,31406202880,0
hisat2,2498316804,1,8,15615549440,0
hisat2,1968505787,1,8,14985994240,0
hisat2,20181290,1,8,7671308288,0
hisat2,20181290,1,8,546222080,0
hisat2,3593133962,2,8,13350752256,0
hisat2,2768390187,2,8,19414462464,0
hisat2,3320829925,2,8,19924414464,0
hisat2,24226704650,2,8,32211791872,0
hisat2,11917766207,1,8,24704110592,0
hisat2,7810428354,1,8,18690351104,0
hisat2,7872128244,1,8,20674473984,0
hisat2,7549267730,1,8,17752465408,0
hisat2,7456306162,1,8,20381278208,0
hisat2,7042351152,1,8,20628410368,0
hisat2,6973354666,1,8,19973935104,0
hisat2,8617281228,1,8,22064693248,0
hisat2,8313209564,1,8,20581961728,0
hisat2,8748466819,1,8,22394519552,0
hisat2,8010244811,1,8,21207891968,0
hisat2,17333231658,2,8,23366815744,0
hisat2,81531747,2,8,13091815424,0
hisat2,56263444,2,8,12917301248,0
hisat2,187196257,2,8,11526959104,0
hisat2,176091881,2,8,11729211392,0
hisat2,214602976,2,8,13044420608,0
hisat2,62781919,2,8,10581270528,0
hisat2,118844654,2,8,12972097536,0
hisat2,24388454834,2,8,32212516864,0
hisat2,114137898,2,8,11819479040,0
hisat2,22282796772,2,8,31533436928,0
hisat2,131602767,2,8,11821101056,0
hisat2,134617226,2,8,11429564416,0
hisat2,165080477,2,8,11795238912,0
hisat2,126365476,2,8,11665494016,0
hisat2,113480965,2,8,11620724736,0
hisat2,8010244811,1,8,13924417536,0
hisat2,9919211994,2,8,25014775808,0
hisat2,45523639874,1,8,32212516864,0
hisat2,13499030436,2,8,27130056704,0
hisat2,104722846,2,8,1359794176,0
hisat2,598721452,2,8,3554304000,0
hisat2,30466668532,1,8,32212516864,0
hisat2,4307920104,1,8,7755182080,0
hisat2,7994490312,2,8,25358880768,0
hisat2,3437050414,2,8,8010997760,0
hisat2,3189373450,2,8,8058028032,0
hisat2,2904266391,2,8,8056737792,0
hisat2,30466668532,1,8,32212508672,0
hisat2,30466668532,1,8,32212512768,0
hisat2,43974854347,1,8,32212516864,0
hisat2,5583432977,1,8,19297767424,0
hisat2,7081558668,1,8,16612454400,0
hisat2,6673111181,1,8,19321769984,0
hisat2,7269705216,1,8,17133199360,0
hisat2,7047593595,1,8,18530734080,0
hisat2,7824783760,1,8,19919286272,0
hisat2,7677428739,1,8,21210664960,0
hisat2,8496114655,1,8,20733333504,0
hisat2,5734485569,1,8,19588198400,0
hisat2,8844311588,1,8,20816334848,0
hisat2,10033796920,1,8,25130983424,0
hisat2,5815929937,1,8,18372730880,0
hisat2,8382791941,1,8,22471512064,0
hisat2,7497959017,1,8,21235134464,0
hisat2,5021128809,1,8,18153758720,0
hisat2,7013672336,1,8,22377082880,0
hisat2,9014805508,1,8,22962671616,0
hisat2,9014805508,1,8,23503233024,0
hisat2,15002118668,1,8,24614313984,0
hisat2,15002118668,1,8,26917126144,0
hisat2,14440261906,1,8,23902072832,0
hisat2,14440261906,1,8,25675972608,0
hisat2,10474785955,1,8,24732545024,0
hisat2,16559490580,1,8,28232491008,0
hisat2,17289689477,1,8,32212512768,0
hisat2,17901601533,1,8,32214327296,0
hisat2,17876582854,1,8,32212500480,0
hisat2,19876715956,1,8,32212516864,0
hisat2,17220650993,1,8,30619758592,0
hisat2,40362580,2,8,590716928,0
hisat2,29217902756,2,8,32211898368,0
hisat2,18265100432,2,8,26301308928,0
hisat2,17019487702,2,8,27075870720,0
hisat2,16683204306,2,8,23871635456,0
hisat2,17504834286,2,8,29612998656,0
hisat2,16482208822,2,8,24522330112,0
hisat2,17577036038,2,8,25902006272,0
hisat2,27053472548,2,8,31909015552,0
hisat2,15450181610,2,8,22674558976,0
hisat2,15163424988,2,8,27195199488,0
hisat2,15615631506,2,8,23307550720,0
hisat2,1963955466,2,8,12328878080,0
hisat2,242141174,1,8,8512843776,0
hisat2,18029611016,2,8,30005362688,0
hisat2,30004237336,2,8,32212516864,0
hisat2,28880523812,2,8,32212516864,0
hisat2,5276475101,1,8,19415736320,0
hisat2,20949571910,2,8,32212385792,0
hisat2,40362580,2,8,7711662080,0
hisat2,11009317891,1,8,17793298432,0
hisat2,0,0,8,27078270976,0
hisat2,5276475101,1,8,21015502848,0
hisat2,0,0,8,26676838400,0
hisat2,0,0,8,27103297536,0
hisat2,0,0,8,27889778688,0
hisat2,4959883374,2,8,12476825600,0
hisat2,0,0,8,29340590080,0
hisat2,0,0,8,25708847104,0
hisat2,0,0,8,26935447552,0
hisat2,11676619342,1,8,25812353024,0
hisat2,13955921360,1,8,31834333184,0
hisat2,15325583702,1,8,32211914752,0
hisat2,11228050182,1,8,25178451968,0
hisat2,3442325698,2,8,12891226112,0
hisat2,3254396312,2,8,12603564032,0
hisat2,3905839430,2,8,12970995712,0
hisat2,3094883718,2,8,12794273792,0
hisat2,19172902202,2,8,32212385792,0
hisat2,19281839552,2,8,32212385792,0
hisat2,19886251966,2,8,30980415488,0
hisat2,20066755008,2,8,32212516864,0
hisat2,17345612700,2,8,32212385792,0
hisat2,17370741078,2,8,29387456512,0
hisat2,17115686352,2,8,32212516864,0
hisat2,2096969084,1,8,23835918336,0
hisat2,1677904974,1,8,24492347392,0
hisat2,1949201353,1,8,23141158912,0
hisat2,1848131690,1,8,24342368256,0
hisat2,2253014207,1,8,20920844288,0
hisat2,2622614199,1,8,24052568064,0
hisat2,1843558286,1,8,21447389184,0
hisat2,1667046887,1,8,21871570944,0
hisat2,1708435072,1,8,23743201280,0
hisat2,17629294629,1,8,30002950144,0
hisat2,12536185464,1,8,28185288704,0
hisat2,13815090188,1,8,29800054784,0
hisat2,12644035200,1,8,27817127936,0
hisat2,2857140004,2,8,10055655424,0
hisat2,2942007212,2,8,10297274368,0
hisat2,11801677,1,8,7069110272,0
hisat2,10198810,1,8,7117897728,0
hisat2,9462768,1,8,7133351936,0
hisat2,10268665,1,8,7134334976,0
hisat2,15811979,1,8,7137050624,0
hisat2,10888234,1,8,7138172928,0
hisat2,11917766207,1,8,21914599424,0
hisat2,7810428354,1,8,20016160768,0
hisat2,7872128244,1,8,20996526080,0
hisat2,7549267730,1,8,18718384128,0
hisat2,7456306162,1,8,19645984768,0
hisat2,7042351152,1,8,19823333376,0
hisat2,6973354666,1,8,18228506624,0
hisat2,30686713462,1,8,32212516864,0
hisat2,28699811753,1,8,32212516864,0
hisat2,52321655263,1,8,32212516864,0
hisat2,8617281228,1,8,19722121216,0
hisat2,2630504708,2,8,10130821120,0
hisat2,2361224314,2,8,9283129344,0
hisat2,30175440012,2,8,32212512768,0
hisat2,32217847910,2,8,32212512768,0
hisat2,29460843424,2,8,32212516864,0
hisat2,8313209564,1,8,20268978176,0
hisat2,2361741800,1,8,15928242176,0
hisat2,2552155765,1,8,15921238016,0
hisat2,2752039227,1,8,16412848128,0
hisat2,1403011185,1,8,14713552896,0
hisat2,1631818574,1,8,15156203520,0
hisat2,2258042649,1,8,15878492160,0
hisat2,1728180059,1,8,15062691840,0
hisat2,2646686195,1,8,16537169920,0
hisat2,1640635906,1,8,15119634432,0
hisat2,29945636664,2,8,32212516864,0
hisat2,29711779216,2,8,32212516864,0
hisat2,29430073314,2,8,32212512768,0
hisat2,3597353441,2,8,22916235264,0
hisat2,13794874722,2,8,26337132544,0
hisat2,15508663024,2,8,27195629568,0
hisat2,13640080188,2,8,24063275008,0
hisat2,22667453938,2,8,32212385792,0
hisat2,23383367230,2,8,31089172480,0
hisat2,8010244811,1,8,19827707904,0
hisat2,14019187195,1,8,26049687552,0
hisat2,14972818332,1,8,29926367232,0
hisat2,2569119415,1,8,9580605440,0
hisat2,2947635166,1,8,10170195968,0
hisat2,2686702054,1,8,9800826880,0
hisat2,2597000176,1,8,9367027712,0
hisat2,2931630662,1,8,9696768000,0
hisat2,2765103256,1,8,9531289600,0
hisat2,15535026286,2,8,27330347008,0
hisat2,8748466819,1,8,23111213056,0
hisat2,5276475101,1,8,19900829696,0
hisat2,2138791996,2,8,14373048320,0
hisat2,2157666496,2,8,14265004032,0
hisat2,2128738112,2,8,14454009856,0
hisat2,2151461330,2,8,14617612288,0
hisat2,18006409856,2,8,32212504576,0
hisat2,2361741800,1,8,15566168064,0
hisat2,2552155765,1,8,16547459072,0
hisat2,2752039227,1,8,16386252800,0
hisat2,1403011185,1,8,14857940992,0
hisat2,1631818574,1,8,14188425216,0
hisat2,2258042649,1,8,16274202624,0
hisat2,1728180059,1,8,14848512000,0
hisat2,2646686195,1,8,15978323968,0
hisat2,1640635906,1,8,14332915712,0
hisat2,2498316804,1,8,16237617152,0
hisat2,1968505787,1,8,15114248192,0
hisat2,2361741800,1,8,16372490240,0
hisat2,2552155765,1,8,15849005056,0
hisat2,2752039227,1,8,15893602304,0
hisat2,1403011185,1,8,14576455680,0
hisat2,1631818574,1,8,11163996160,0
hisat2,2258042649,1,8,16239026176,0
hisat2,1728180059,1,8,14616223744,0
hisat2,2646686195,1,8,15857500160,0
hisat2,1640635906,1,8,14731603968,0
hisat2,2498316804,1,8,15534362624,0
hisat2,1968505787,1,8,14900092928,0
hisat2,20576735208,2,8,27980374016,0
hisat2,24624149904,2,8,32212385792,0
hisat2,48287738,2,8,7907938304,0
hisat2,50780520,2,8,7915196416,0
hisat2,0,0,8,11439357952,0
hisat2,64494448,2,8,7955021824,0
hisat2,435348488,1,8,1545297920,0
hisat2,435348488,1,8,1531301888,0
hisat2,10263468814,1,8,25690468352,0
hisat2,14018985637,1,8,28380233728,0
hisat2,0,0,8,21236613120,0
hisat2,9264858709,1,8,22077861888,0
hisat2,65023564262,1,8,32212635648,0
hisat2,238116391,1,8,1060790272,0
hisat2,238097291,1,8,1046302720,0
hisat2,139214376,1,8,605261824,0
hisat2,147638642,1,8,655327232,0
hisat2,155641584,1,8,684384256,0
hisat2,231646001,1,8,1019199488,0
hisat2,185622243,1,8,812630016,0
hisat2,239645363,1,8,1059098624,0
hisat2,187896682,1,8,840454144,0
hisat2,323339499,1,8,1348562944,0
hisat2,287975219,1,8,1243799552,0
hisat2,268070597,1,8,1190776832,0
hisat2,258816880,1,8,1097146368,0
hisat2,171702931,1,8,753455104,0
hisat2,155188174,1,8,669773824,0
hisat2,125932367,1,8,560959488,0
hisat2,178110155,1,8,760602624,0
hisat2,172805626,1,8,748363776,0
hisat2,181851281,1,8,804966400,0
hisat2,183170888,1,8,800591872,0
hisat2,183669267,1,8,796028928,0
hisat2,189494821,1,8,856915968,0
hisat2,230354640,1,8,1018994688,0
hisat2,205204572,1,8,928788480,0
hisat2,309293489,1,8,1318121472,0
hisat2,294295232,1,8,1262616576,0
hisat2,246476603,1,8,1073356800,0
hisat2,231972159,1,8,1020542976,0
hisat2,161691595,1,8,707223552,0
hisat2,170258899,1,8,766685184,0
hisat2,173521849,1,8,747167744,0
hisat2,174835293,1,8,749027328,0
hisat2,175531456,1,8,754651136,0
hisat2,177095824,1,8,772362240,0
hisat2,178939039,1,8,773734400,0
hisat2,214537508,1,8,929710080,0
hisat2,184199124,1,8,861577216,0
hisat2,293230925,1,8,1263509504,0
hisat2,233207943,1,8,1016225792,0
hisat2,226422330,1,8,1005948928,0
hisat2,8541580326,2,8,20718538752,0
hisat2,8702538138,2,8,23118004224,0
hisat2,10012529500,2,8,23163449344,0
hisat2,20140883264,2,8,32212385792,0
hisat2,12896653312,1,8,32212516864,0
hisat2,1279193160,1,8,23998267392,0
hisat2,15053397674,2,8,31033012224,0
hisat2,136593927,1,8,8466907136,0
hisat2,9414048807,1,8,29496414208,0
hisat2,5190222511,1,8,20209803264,0
hisat2,31150328548,2,8,32211701760,0
hisat2,37296508,1,8,7799705600,0
hisat2,12251053889,1,8,32212488192,0
hisat2,15576537063,1,8,32212516864,0
hisat2,39017721812,2,8,32212516864,0
hisat2,33136557650,2,8,32212508672,0
hisat2,38588381996,2,8,32212508672,0
hisat2,12896653312,1,8,32212508672,0
hisat2,4360421026,1,8,25898819584,0
hisat2,4024130917,1,8,26374660096,0
hisat2,4730985832,1,8,26514968576,0
hisat2,4085902431,1,8,26015916032,0
hisat2,6162613174,1,8,27635126272,0
hisat2,5175513573,1,8,25596346368,0
hisat2,4928362222,1,8,26505261056,0
hisat2,5590851700,1,8,27541102592,0
hisat2,6374904001,1,8,23864344576,0
hisat2,4752337104,1,8,27181154304,0
hisat2,3851576751,1,8,27566587904,0
hisat2,5281397819,1,8,26989072384,0
hisat2,702824555,1,8,7080599552,0
hisat2,407136151,1,8,6972944384,0
hisat2,4683388368,1,8,26198138880,0
hisat2,4904277128,1,8,27067662336,0
hisat2,5541821940,1,8,24797310976,0
hisat2,17333231658,2,8,25152835584,0
hisat2,20177392876,2,8,27063689216,0
hisat2,14833558764,2,8,25191383040,0
hisat2,18553940108,2,8,27558670336,0
hisat2,18956085438,2,8,29596712960,0
hisat2,2203904949,2,8,18004299776,0
hisat2,2533030246,2,8,18742865920,0
hisat2,1617757520,2,8,15766204416,0
hisat2,1438022216,2,8,15578628096,0
hisat2,3565190400,2,8,20828803072,0
hisat2,2208698918,2,8,17701109760,0
hisat2,1084864715,2,8,14930153472,0
hisat2,2126619779,2,8,18135388160,0
hisat2,2537027537,2,8,18215411712,0
hisat2,1850277895,2,8,16237223936,0
hisat2,991083617,2,8,14601916416,0
hisat2,2203904949,2,8,16809172992,0
hisat2,2533030246,2,8,18398392320,0
hisat2,1617757520,2,8,15645286400,0
hisat2,1438022216,2,8,15337623552,0
hisat2,3565190400,2,8,14578204672,0
hisat2,2208698918,2,8,17547218944,0
hisat2,1084864715,2,8,14355673088,0
hisat2,2126619779,2,8,17798139904,0
hisat2,2537027537,2,8,15328825344,0
hisat2,1850277895,2,8,16052334592,0
hisat2,991083617,2,8,14970220544,0
hisat2,19871426208,2,8,27938816000,0
hisat2,0,0,8,11956965376,0
hisat2,0,0,8,7074959360,0
hisat2,0,0,8,8253054976,0
hisat2,0,0,8,8615747584,0
hisat2,0,0,8,8203653120,0
hisat2,0,0,8,7017340928,0
hisat2,20181290,1,8,543686656,0
hisat2,0,0,8,15249567744,0
hisat2,0,0,8,19087056896,0
hisat2,0,0,8,19038674944,0
hisat2,0,0,8,16497111040,0
hisat2,0,0,8,18956853248,0
hisat2,3342800842,2,8,14043807744,0
hisat2,37591736252,2,8,32212516864,0
hisat2,49675509590,2,8,32212516864,0
hisat2,560316050,1,8,10035712000,0
hisat2,4818831653,1,8,25791062016,0
hisat2,4934908168,1,8,25027776512,0
hisat2,11136443884,2,8,24903983104,0
hisat2,19082874336,2,8,32212516864,0
hisat2,1992547222,2,8,15872454656,0
hisat2,16405194,2,8,7591669760,0
hisat2,16405194,2,8,7763447808,0
hisat2,6105373136,2,8,23689007104,0
hisat2,26637852472,2,8,32212516864,0
hisat2,26325291310,2,8,32212439040,0
hisat2,25355937294,2,8,32212443136,0
hisat2,353277912,1,8,13163532288,0
hisat2,19082874336,2,8,32212516864,0
hisat2,6105373136,2,8,25301368832,0
hisat2,4900015131,2,8,22833356800,0
hisat2,30960435322,2,8,32212516864,0
hisat2,45373758922,2,8,32212516864,0
hisat2,31072899,1,8,7866245120,0
hisat2,205205,1,8,7729418240,0
hisat2,12987962700,2,8,27924897792,0
hisat2,12703350446,2,8,26159009792,0
hisat2,11166690860,2,8,23974223872,0
hisat2,12123695146,2,8,27846225920,0
hisat2,9757124158,2,8,27716796416,0
hisat2,11311625026,2,8,25081843712,0
hisat2,14527124462,2,8,32212385792,0
hisat2,12734611046,2,8,29234233344,0
hisat2,11253735114,2,8,25396789248,0
hisat2,13072343122,2,8,27791392768,0
hisat2,12131420452,2,8,28128120832,0
hisat2,13094250072,2,8,25456091136,0
hisat2,4360421026,1,8,23433154560,0
hisat2,4730985832,1,8,27239632896,0
hisat2,6162613174,1,8,24257691648,0
hisat2,3851576751,1,8,26482806784,0
hisat2,5909294818,1,8,26436231168,0
hisat2,4869132596,1,8,26662215680,0
hisat2,6182260988,1,8,24478904320,0
hisat2,3558078287,1,8,24153960448,0
hisat2,2396854766,2,8,13447380992,0
hisat2,1524748476,2,8,11060867072,0
hisat2,90424010,2,8,7237488640,0
hisat2,1963955466,2,8,12325871616,0
hisat2,2396854766,2,8,13556985856,0
hisat2,1963955466,2,8,12302712832,0
hisat2,1524748476,2,8,10935083008,0
hisat2,90424010,2,8,7293755392,0
hisat2,1105008637,1,8,11354583040,0
hisat2,0,0,8,23159648256,0
hisat2,0,0,8,27847749632,0
hisat2,0,0,8,28257402880,0
hisat2,0,0,8,27475140608,0
hisat2,0,0,8,27705446400,0
hisat2,0,0,8,26924552192,0
hisat2,0,0,8,27061751808,0
hisat2,0,0,8,28311650304,0
hisat2,0,0,8,26999091200,0
hisat2,0,0,8,28673572864,0
hisat2,0,0,8,29049802752,0
hisat2,0,0,8,26127790080,0
hisat2,0,0,8,26995228672,0
hisat2,0,0,8,26710286336,0
hisat2,0,0,8,29939003392,0
hisat2,0,0,8,26028564480,0
hisat2,0,0,8,26698973184,0
hisat2,0,0,8,25768251392,0
hisat2,0,0,8,25865986048,0
hisat2,0,0,8,29624369152,0
hisat2,0,0,8,26781097984,0
hisat2,0,0,8,26922909696,0
hisat2,0,0,8,27684028416,0
hisat2,0,0,8,30639874048,0
hisat2,949126,2,8,5707264000,0
hisat2,4092854,2,8,5372067840,0
hisat2,45278216432,2,8,32212516864,0
hisat2,38572016518,2,8,32212516864,0
hisat2,983341,1,8,201285632,0
hisat2,5768198541,2,8,24491794432,0
hisat2,7688723456,2,8,32212500480,0
hisat2,7043600372,2,8,24784822272,0
hisat2,24143463,1,8,7834148864,0
hisat2,242524783,1,8,6408462336,0
hisat2,242524783,1,8,6425268224,0
hisat2,242524783,1,8,6404464640,0
hisat2,242524783,1,8,6445772800,0
hisat2,242524783,1,8,6411915264,0
hisat2,242524783,1,8,6447898624,0
hisat2,242524783,1,8,6451449856,0
hisat2,242524783,1,8,6450720768,0
hisat2,242524783,1,8,6425079808,0
hisat2,242524783,1,8,6447734784,0
hisat2,242524783,1,8,6475575296,0
hisat2,242524783,1,8,13290901504,0
hisat2,242524783,1,8,6442532864,0
hisat2,242524783,1,8,6484299776,0
hisat2,242524783,1,8,6397681664,0
hisat2,242524783,1,8,6484045824,0
hisat2,242524783,1,8,6314168320,0
hisat2,242524783,1,8,6471929856,0
hisat2,242524783,1,8,6429331456,0
hisat2,307825565,1,8,13334560768,0
hisat2,307825565,1,8,13501444096,0
hisat2,242524783,1,8,12787998720,0
hisat2,242524783,1,8,12191506432,0
hisat2,242524783,1,8,13653565440,0
hisat2,242524783,1,8,12200505344,0
hisat2,221674265,1,8,6387359744,0
hisat2,242524783,1,8,6461378560,0
hisat2,242524783,1,8,6486630400,0
hisat2,0,0,8,9060978688,0
hisat2,6404110764,2,8,18257575936,0
hisat2,44723610106,2,8,32212516864,0
hisat2,35521265730,2,8,32212512768,0
hisat2,26623351184,2,8,32212500480,0
hisat2,54951528,2,8,12517830656,0
hisat2,213793360,2,8,11808153600,0
hisat2,196507602,2,8,11798261760,0
hisat2,262729605,2,8,11798925312,0
hisat2,74289251,2,8,11528409088,0
hisat2,122117559,2,8,11277066240,0
hisat2,108014851,2,8,11480727552,0
hisat2,136096159,2,8,11418935296,0
hisat2,128762538,2,8,11472769024,0
hisat2,172024969,2,8,11416313856,0
hisat2,120834291,2,8,11467612160,0
hisat2,1920503976,1,8,8020258816,0
hisat2,1353646887,1,8,8161411072,0
hisat2,1652784329,1,8,8026947584,0
hisat2,118326283,2,8,11432980480,0
hisat2,53936847,2,8,11460964352,0
hisat2,168385547,2,8,13068992512,0
hisat2,15828782,1,8,514232320,0
hisat2,31072899,1,8,7865098240,0
hisat2,113954730,1,8,8133922816,0
hisat2,1369453130,1,8,12084408320,0
hisat2,0,0,8,7099740160,0
hisat2,1579704307,1,8,12081385472,0
hisat2,7335623746,2,8,18058153984,0
hisat2,156891013,2,8,13046104064,0
hisat2,218571268,2,8,13117095936,0
hisat2,74071742,2,8,12966854656,0
hisat2,13972001412,2,8,21797257216,0
hisat2,14244016266,2,8,22107250688,0
hisat2,14737015042,2,8,21851475968,0
hisat2,11386555620,2,8,19728990208,0
hisat2,11230120254,2,8,19855564800,0
hisat2,13594171764,2,8,23289937920,0
hisat2,24573179984,2,8,30992920576,0
hisat2,23359461348,2,8,27686903808,0
hisat2,20217200192,2,8,32212385792,0
hisat2,116729989,2,8,12939550720,0
hisat2,105588364,2,8,12723195904,0
hisat2,131388490,2,8,11914690560,0
hisat2,125453014,2,8,12268670976,0
hisat2,163887834,2,8,11819347968,0
hisat2,116852906,2,8,12336267264,0
hisat2,113589507,2,8,12870336512,0
hisat2,256784214,1,8,11201216512,0
hisat2,85155394,2,8,12930367488,0
hisat2,95873735,2,8,12449165312,0
hisat2,47546655126,2,8,32212516864,0
hisat2,47136748986,2,8,32212516864,0
hisat2,9045365032,1,8,22706905088,0
hisat2,32886386024,1,8,32212516864,0
hisat2,72368630104,2,8,32212516864,0
hisat2,17629294629,1,8,29594435584,0
hisat2,12536185464,1,8,29740675072,0
hisat2,13815090188,1,8,28993445888,0
hisat2,12644035200,1,8,26879311872,0
hisat2,27660821396,2,8,32212201472,0
hisat2,1642218613,1,8,13454987264,0
hisat2,1360860844,1,8,12871032832,0
hisat2,1251246534,1,8,12057903104,0
hisat2,1395256827,1,8,12779102208,0
hisat2,1271841673,1,8,12605173760,0
hisat2,1402405042,1,8,13229633536,0
hisat2,1474336451,1,8,13756723200,0
hisat2,1004810959,1,8,11642351616,0
hisat2,1234763458,1,8,12231499776,0
hisat2,1313375354,1,8,12906749952,0
hisat2,1501063918,1,8,10996883456,0
hisat2,1407879114,1,8,12569980928,0
hisat2,1719451230,1,8,14665027584,0
hisat2,1184757651,1,8,11824812032,0
hisat2,1059791194,1,8,10705960960,0
hisat2,1697939022,1,8,13362372608,0
hisat2,12987962700,2,8,25032011776,0
hisat2,12703350446,2,8,27177910272,0
hisat2,11166690860,2,8,20878835712,0
hisat2,12123695146,2,8,25993732096,0
hisat2,9757124158,2,8,18723090432,0
hisat2,11311625026,2,8,24125599744,0
hisat2,14527124462,2,8,23913271296,0
hisat2,12734611046,2,8,26713034752,0
hisat2,11253735114,2,8,20974264320,0
hisat2,13072343122,2,8,26261917696,0
hisat2,12131420452,2,8,24192008192,0
hisat2,13094250072,2,8,27799203840,0
hisat2,2559775052,2,8,15492255744,0
hisat2,6663795317,1,8,18110345216,0
hisat2,7602716384,1,8,17976578048,0
hisat2,53188280912,2,8,32001703936,0
hisat2,11529159739,2,8,32212463616,0
hisat2,13048953212,2,8,32212516864,0
hisat2,3732296518,2,8,16688672768,0
hisat2,731179599,1,8,13798215680,0
hisat2,1084238598,1,8,15327645696,0
hisat2,767911132,1,8,14351777792,0
hisat2,1413437238,1,8,14832316416,0
hisat2,1393692574,1,8,15438352384,0
hisat2,1478471018,1,8,14317465600,0
hisat2,1177778452,1,8,14608068608,0
hisat2,767911132,1,8,13796913152,0
hisat2,1104879029,1,8,15404531712,0
hisat2,1162437264,1,8,14447386624,0
hisat2,1048755428,1,8,14752047104,0
hisat2,352288198,1,8,12743069696,0
hisat2,669532807,1,8,13686198272,0
hisat2,1369354052,1,8,15618248704,0
hisat2,1252828443,1,8,15927275520,0
hisat2,1443335057,1,8,15692713984,0
hisat2,1311107468,1,8,16319012864,0
hisat2,1244446920,1,8,14499377152,0
hisat2,1018868494,1,8,15126020096,0
hisat2,421282843,1,8,13703147520,0
hisat2,1285318909,1,8,16311607296,0
hisat2,0,0,8,12351541248,0
hisat2,6663795317,1,8,19082903552,0
hisat2,6834170686,1,8,20144566272,0
hisat2,6378499653,1,8,19156787200,0
hisat2,7602716384,1,8,18949496832,0
hisat2,8284012596,1,8,21785858048,0
hisat2,6975018541,1,8,19841265664,0
hisat2,4282975184,2,8,17548775424,0
hisat2,4369210058,2,8,18503196672,0
hisat2,4359921286,2,8,19729817600,0
hisat2,5633529234,2,8,20731854848,0
hisat2,3875190242,2,8,17256267776,0
hisat2,1266069940,2,8,11796172800,0
hisat2,50468324474,2,8,32212566016,0
hisat2,3859251872,2,8,16972132352,0
hisat2,3014127022,2,8,16136491008,0
hisat2,6430162284,2,8,19747127296,0
hisat2,5234034424,2,8,21450096640,0
hisat2,39114938206,2,8,32212389888,0
hisat2,3202338666,2,8,16547815424,0
hisat2,4428947270,2,8,16917467136,0
hisat2,4542682222,2,8,16379408384,0
hisat2,4843997994,2,8,20208287744,0
hisat2,18169620614,2,8,32212467712,0
hisat2,13824648022,2,8,27504631808,0
hisat2,5173086222,2,8,18140037120,0
hisat2,9348086968,2,8,22441058304,0
hisat2,4591210632,2,8,17595244544,0
hisat2,6151542188,2,8,18708762624,0
hisat2,5244552158,2,8,18795040768,0
hisat2,4305821406,2,8,17801928704,0
hisat2,8966433722,2,8,18995810304,0
hisat2,5147295044,2,8,20679610368,0
hisat2,3955521370,2,8,16884658176,0
hisat2,3622188766,2,8,16718409728,0
hisat2,5088955064,2,8,17705226240,0
hisat2,5067640344,2,8,20795162624,0
hisat2,15863084266,1,8,26983034880,0
hisat2,18909209710,1,8,32212385792,0
hisat2,18488617422,1,8,31964893184,0
hisat2,17659950847,1,8,32114987008,0
hisat2,16291517440,1,8,30983593984,0
hisat2,14558550140,1,8,27029098496,0
hisat2,5535669391,1,8,18148990976,0
hisat2,7144402144,1,8,19054043136,0
hisat2,7700413224,1,8,20402950144,0
hisat2,6411307482,1,8,18924011520,0
hisat2,5531660311,1,8,17694855168,0
hisat2,6102879608,1,8,18748108800,0
hisat2,42182870180,2,8,32212516864,0
hisat2,3861705650,2,8,17368346624,0
hisat2,3912249488,2,8,18074877952,0
hisat2,4497759792,2,8,19068784640,0
hisat2,3765700035,1,8,16814809088,0
hisat2,4745058477,1,8,17448968192,0
hisat2,4442682857,1,8,15202951168,0
hisat2,6577164263,1,8,19144626176,0
hisat2,6878431194,1,8,17714171904,0
hisat2,4952076852,1,8,16395640832,0
hisat2,4532403770,1,8,16394022912,0
hisat2,4238962885,1,8,16412098560,0
hisat2,5064752919,1,8,16822931456,0
hisat2,3727090125,1,8,16267481088,0
hisat2,4064934284,1,8,16763346944,0
hisat2,4053480280,1,8,16305987584,0
hisat2,5006527974,1,8,17030664192,0
hisat2,4147714845,1,8,17130254336,0
hisat2,4345418382,1,8,17139961856,0
hisat2,4411877391,1,8,15698530304,0
hisat2,5129794271,1,8,16816062464,0
hisat2,6111911677,1,8,18765672448,0
hisat2,1915652333,1,8,15482048512,0
hisat2,1516829745,1,8,14049873920,0
hisat2,1397114580,1,8,17992544256,0
hisat2,1258552095,1,8,16841936896,0
hisat2,1157160133,1,8,17425260544,0
hisat2,1154146721,1,8,16304250880,0
hisat2,1203154426,1,8,17279217664,0
hisat2,1216316298,1,8,17264173056,0
hisat2,1531037332,1,8,18044837888,0
hisat2,1292613002,1,8,16534597632,0
hisat2,1236466548,1,8,18387337216,0
hisat2,1476731748,1,8,18943905792,0
hisat2,1228790661,1,8,15782592512,0
hisat2,1051253729,1,8,16522821632,0
hisat2,1497556101,1,8,17149853696,0
hisat2,819886772,1,8,15915524096,0
hisat2,1204699688,1,8,17970999296,0
hisat2,1251233804,1,8,17027100672,0
hisat2,1121188376,1,8,13998129152,0
hisat2,1407036035,1,8,17846140928,0
hisat2,1168826949,1,8,14678794240,0
hisat2,1114243853,1,8,17469067264,0
hisat2,1454948617,1,8,17925423104,0
hisat2,1418937642,1,8,17253859328,0
hisat2,1330553085,1,8,17687150592,0
hisat2,993733064,1,8,16294014976,0
hisat2,1036910400,1,8,17374265344,0
hisat2,1180377116,1,8,16994021376,0
hisat2,1332995099,1,8,17224953856,0
hisat2,1155509594,1,8,16454574080,0
hisat2,1295685706,1,8,17418371072,0
hisat2,904444902,1,8,13961670656,0
hisat2,34645215516,2,8,32209403904,0
hisat2,37158688356,2,8,32211574784,0
hisat2,39044315956,2,8,32211374080,0
hisat2,32843771524,2,8,31189315584,0
hisat2,43980671148,2,8,32211382272,0
hisat2,41572101580,2,8,32212516864,0
hisat2,1841891026,1,8,15068712960,0
hisat2,1447814081,1,8,14242037760,0
hisat2,1604892151,1,8,14663680000,0
hisat2,1699189251,1,8,15148728320,0
hisat2,19871426208,2,8,30121353216,0
hisat2,18690602910,2,8,26533695488,0
hisat2,18572293402,2,8,25125306368,0
hisat2,18096747358,2,8,28643917824,0
hisat2,17160202090,2,8,30237720576,0
hisat2,20136472812,2,8,32158945280,0
hisat2,19001525612,2,8,30931542016,0
hisat2,33775509338,2,8,32212508672,0
hisat2,27879785404,2,8,29266919424,0
hisat2,29091277462,2,8,32212488192,0
hisat2,3987561124,1,8,18455146496,0
hisat2,41572101580,2,8,32211365888,0
hisat2,995448,2,8,7023960064,0
hisat2,4304286,2,8,7105945600,0
hisat2,1737794233,1,8,15011348480,0
hisat2,1847763697,1,8,12664111104,0
hisat2,1741667978,1,8,14463119360,0
hisat2,1025214777,1,8,13828292608,0
hisat2,861737247,1,8,13397520384,0
hisat2,1606036897,1,8,14246137856,0
hisat2,1391884606,1,8,13946859520,0
hisat2,2216602127,1,8,15621361664,0
hisat2,1915652333,1,8,15496974336,0
hisat2,1334514597,1,8,14415138816,0
hisat2,1516829745,1,8,14186139648,0
hisat2,3646658166,2,8,16702750720,0
hisat2,7661461724,2,8,17816813568,0
hisat2,40477728560,2,8,32212516864,0
hisat2,17271481857,1,8,32212480000,0
hisat2,16704073609,1,8,30925045760,0
hisat2,18329500471,1,8,32212516864,0
hisat2,14509952462,1,8,24784244736,0
hisat2,15394949096,1,8,31359115264,0
hisat2,15031858539,1,8,30812499968,0
hisat2,17533006938,1,8,30345736192,0
hisat2,16496461244,1,8,30934687744,0
hisat2,16485522213,1,8,27134959616,0
hisat2,17401209283,1,8,31070711808,0
hisat2,18876449930,1,8,32212488192,0
hisat2,19501262203,1,8,32212504576,0
hisat2,9509572993,1,8,23864287232,0
hisat2,9509572993,1,8,22378045440,0
hisat2,9289032751,1,8,22316134400,0
hisat2,9289032751,1,8,23638433792,0
hisat2,10932412704,1,8,24389701632,0
hisat2,10932412704,1,8,24246419456,0
hisat2,36954298576,2,8,32212467712,0
hisat2,141915315,1,8,8177590272,0
hisat2,29988465352,2,8,32212516864,0
hisat2,32553263880,2,8,32212508672,0
hisat2,28651960342,2,8,29811707904,0
hisat2,424095985,1,8,1269190656,0
hisat2,41572101580,2,8,30472204288,0
hisat2,3997245156,1,8,25084735488,0
hisat2,5550097094,1,8,26408669184,0
hisat2,7994490312,2,8,26279485440,0
hisat2,13900326390,2,8,31197171712,0
hisat2,11100194188,2,8,28287811584,0
hisat2,12028483560,2,8,28940083200,0
hisat2,8714519612,2,8,26572124160,0
hisat2,8719870182,2,8,24963567616,0
hisat2,30306718808,2,8,32212516864,0
hisat2,1200459433,1,8,15335440384,0
hisat2,1215565128,1,8,14762225664,0
hisat2,1496137889,1,8,16674037760,0
hisat2,1739526051,1,8,16145780736,0
hisat2,1541989537,1,8,16193544192,0
hisat2,2073608693,1,8,16896925696,0
hisat2,1759408074,1,8,16453636096,0
hisat2,1619270847,1,8,15667900416,0
hisat2,424095985,1,8,1258192896,0
hisat2,13955921360,1,8,32211824640,0
hisat2,15325583702,1,8,30913019904,0
hisat2,11228050182,1,8,27529785344,0
hisat2,11676619342,1,8,28190334976,0
hisat2,10977452254,2,8,28017033216,0
hisat2,11607705612,2,8,28177440768,0
hisat2,22822737882,2,8,32212385792,0
hisat2,34645215516,2,8,32212508672,0
hisat2,37158688356,2,8,32211382272,0
hisat2,39044315956,2,8,32211357696,0
hisat2,32843771524,2,8,22649147392,0
hisat2,43980671148,2,8,32211361792,0
hisat2,41572101580,2,8,29073235968,0
hisat2,1737794233,1,8,14637858816,0
hisat2,1847763697,1,8,13815201792,0
hisat2,1741667978,1,8,15313883136,0
hisat2,1025214777,1,8,13483819008,0
hisat2,861737247,1,8,12732370944,0
hisat2,1606036897,1,8,14432129024,0
hisat2,1391884606,1,8,14205370368,0
hisat2,2216602127,1,8,15717826560,0
hisat2,1915652333,1,8,15186755584,0
hisat2,1334514597,1,8,14021361664,0
hisat2,1516829745,1,8,14699741184,0
hisat2,0,0,8,20829147136,0
hisat2,0,0,8,18992320512,0
hisat2,0,0,8,18030637056,0
hisat2,0,0,8,17962934272,0
hisat2,0,0,8,20500578304,0
hisat2,3214891882,2,8,9567318016,0
hisat2,3047992222,2,8,9287757824,0
hisat2,3593133962,2,8,11482968064,0
hisat2,3419719982,2,8,11057258496,0
hisat2,3491446382,2,8,11282255872,0
hisat2,3755570688,2,8,11580325888,0
hisat2,3612803106,2,8,11492511744,0
hisat2,3385935224,2,8,11172401152,0
hisat2,8124198656,2,8,25483173888,0
hisat2,6898323898,2,8,23016366080,0
hisat2,15237504576,2,8,29511192576,0
hisat2,10550771716,2,8,24040427520,0
hisat2,8366541126,2,8,24834793472,0
hisat2,13751622702,2,8,32212082688,0
hisat2,11542217634,2,8,32212512768,0
hisat2,10865397776,2,8,32212516864,0
hisat2,11951042928,2,8,32212516864,0
hisat2,21538887554,2,8,32212516864,0
hisat2,31072899,1,8,7635148800,0
hisat2,37296508,1,8,7888941056,0
hisat2,113954730,1,8,8135340032,0
hisat2,141915315,1,8,8216596480,0
hisat2,6546184048,1,8,19387170816,0
hisat2,6361305154,1,8,15897300992,0
hisat2,6546184048,1,8,17066614784,0
hisat2,7028116250,1,8,20930801664,0
hisat2,6076872008,1,8,18852880384,0
hisat2,6243499063,1,8,19229892608,0
hisat2,6334609229,1,8,17087012864,0
hisat2,34046347046,2,8,32212512768,0
hisat2,44265158608,2,8,32212516864,0
hisat2,38192298214,2,8,32212516864,0
hisat2,1267512512,1,8,9253384192,0
hisat2,1581179913,1,8,10042306560,0
hisat2,1408400645,1,8,9603522560,0
hisat2,2735772294,1,8,13912104960,0
hisat2,0,0,8,4514779136,0
hisat2,0,0,8,4167950336,0
hisat2,0,0,8,4260245504,0
hisat2,0,0,8,5117452288,0
hisat2,242214,2,8,8018141184,0
hisat2,35459276550,2,8,32212516864,0
hisat2,62657382096,2,8,32212516864,0
hisat2,70082047,2,8,13107433472,0
hisat2,137338105,2,8,13113643008,0
hisat2,59794008,2,8,11815751680,0
hisat2,219931612,2,8,13014769664,0
hisat2,270361057,2,8,12997472256,0
hisat2,303580369,2,8,12990169088,0
hisat2,255080223,2,8,12878532608,0
hisat2,284940887,2,8,13115248640,0
hisat2,32265112712,2,8,32212512768,0
hisat2,2753986149,1,8,24930230272,0
hisat2,2728166839,1,8,24588095488,0
hisat2,2745545298,1,8,23479771136,0
hisat2,2759262138,1,8,21935202304,0
hisat2,2744929645,1,8,24743448576,0
hisat2,2755478069,1,8,22514606080,0
hisat2,2747258800,1,8,21809233920,0
hisat2,2725680710,1,8,22311657472,0
hisat2,2744701619,1,8,21806702592,0
hisat2,2742484446,1,8,21578092544,0
hisat2,2741610199,1,8,22114025472,0
hisat2,2753890622,1,8,22554386432,0
hisat2,2743860633,1,8,22068310016,0
hisat2,2738420679,1,8,24141938688,0
hisat2,2743574090,1,8,21740478464,0
hisat2,2752351882,1,8,21754900480,0
hisat2,2740513462,1,8,21129940992,0
hisat2,2743181940,1,8,23649177600,0
hisat2,2726981219,1,8,22135701504,0
hisat2,2744940458,1,8,22137643008,0
hisat2,2737592449,1,8,21638627328,0
hisat2,2737065203,1,8,24163598336,0
hisat2,2741529052,1,8,21902577664,0
hisat2,2744489711,1,8,21747900416,0
hisat2,2753594143,1,8,21675601920,0
hisat2,2747126036,1,8,21797888000,0
hisat2,4005276113,1,8,22482563072,0
hisat2,3657961313,1,8,22074195968,0
hisat2,44192602796,2,8,32212516864,0
hisat2,31786088894,2,8,32212512768,0
hisat2,772320638,1,8,13231583232,0
hisat2,1105008637,1,8,10614468608,0
hisat2,932676221,1,8,10433654784,0
hisat2,782653244,1,8,9956687872,0
hisat2,772320638,1,8,9774596096,0
hisat2,758401753,1,8,9907306496,0
hisat2,1131694800,1,8,10795393024,0
hisat2,924259684,1,8,10254774272,0
hisat2,828765384,1,8,9858830336,0
hisat2,480847826,1,8,8985706496,0
hisat2,506675152,1,8,9229918208,0
hisat2,747485809,1,8,9633771520,0
hisat2,747485809,1,8,9603584000,0
hisat2,676195764,1,8,9550520320,0
hisat2,588063628,1,8,9457123328,0
hisat2,62942487,2,8,12965244928,0
hisat2,149717451,2,8,12925493248,0
hisat2,58198676,2,8,11816349696,0
hisat2,199152367,2,8,11815858176,0
hisat2,257103196,2,8,11819020288,0
hisat2,2747434698,1,8,21921124352,0
hisat2,268815748,2,8,12654780416,0
hisat2,34270133,2,8,13118754816,0
hisat2,113105393,2,8,11819053056,0
hisat2,616342667,1,8,9315749888,0
hisat2,597198026,1,8,9494892544,0
hisat2,718863929,1,8,9817341952,0
hisat2,721380989,1,8,9814814720,0
hisat2,828765384,1,8,10122657792,0
hisat2,495512829,1,8,9195032576,0
hisat2,718828478,1,8,9779515392,0
hisat2,126981454,2,8,11799035904,0
hisat2,604333551,1,8,9503449088,0
hisat2,110880600,2,8,12621717504,0
hisat2,631003321,1,8,9457012736,0
hisat2,145366627,2,8,13112143872,0
hisat2,624282102,1,8,9542713344,0
hisat2,553737568,1,8,9347457024,0
hisat2,813264458,1,8,9936453632,0
hisat2,127264097,2,8,11815911424,0
hisat2,698327953,1,8,9755541504,0
hisat2,149275819,2,8,11649466368,0
hisat2,62382758,2,8,12825665536,0
hisat2,823281074,1,8,9983524864,0
hisat2,855441486,1,8,10188881920,0
hisat2,682611698,1,8,9709506560,0
hisat2,806742412,1,8,10135097344,0
hisat2,990398516,1,8,10588467200,0
hisat2,966831286,1,8,10518302720,0
hisat2,1180287419,1,8,11107799040,0
hisat2,1270808993,1,8,11329327104,0
hisat2,45055379,2,8,13090222080,0
hisat2,792668424,1,8,9991573504,0
hisat2,11225869938,2,8,13516980224,0
hisat2,958276747,1,8,10517950464,0
hisat2,596651615,1,8,9447890944,0
hisat2,908297837,1,8,10360606720,0
hisat2,927564202,1,8,10425065472,0
hisat2,899853441,1,8,10355183616,0
hisat2,873074150,1,8,10258628608,0
hisat2,744213733,1,8,9867317248,0
hisat2,630491595,1,8,9529413632,0
hisat2,591131182,1,8,9491968000,0
hisat2,745731288,1,8,9928212480,0
hisat2,1420587408,1,8,11868491776,0
hisat2,1645328365,1,8,12327895040,0
hisat2,1017745364,1,8,10626166784,0
hisat2,1008718036,1,8,10635083776,0
hisat2,900914321,1,8,10350092288,0
hisat2,1293804884,1,8,11421192192,0
hisat2,1335197103,1,8,11517669376,0
hisat2,1971379868,1,8,13309169664,0
hisat2,1530124195,1,8,8719962112,0
hisat2,144052565,2,8,11611561984,0
hisat2,1575347178,1,8,8640634880,0
hisat2,1112982823,1,8,10696331264,0
hisat2,66745157,2,8,13008408576,0
hisat2,849969585,1,8,10196291584,0
hisat2,234676155,2,8,11265552384,0
hisat2,1411982504,1,8,11792990208,0
hisat2,2184485822,1,8,13988204544,0
hisat2,320439541,2,8,11661135872,0
hisat2,205084461,1,8,8338919424,0
hisat2,296262948,2,8,11770220544,0
hisat2,1549745317,1,8,8844599296,0
hisat2,27384328,2,8,11405176832,0
hisat2,127693405,2,8,11792068608,0
hisat2,1088440291,1,8,7729893376,0
hisat2,129529374,2,8,11653820416,0
hisat2,1213946910,1,8,8841666560,0
hisat2,1176514683,1,8,10796863488,0
hisat2,122256973,2,8,11815239680,0
hisat2,1262710422,1,8,11323273216,0
hisat2,1593808613,1,8,11632689152,0
hisat2,144564972,2,8,11543404544,0
hisat2,762775340,1,8,9873588224,0
hisat2,1579704307,1,8,9357340672,0
hisat2,139193813,2,8,11515891712,0
hisat2,1369453130,1,8,11309920256,0
hisat2,148412989,2,8,12756250624,0
hisat2,997760932,1,8,10306871296,0
hisat2,66541882,2,8,12967084032,0
hisat2,516802461,1,8,9083932672,0
hisat2,1745967778,1,8,11548811264,0
hisat2,279957778,2,8,13025550336,0
hisat2,1843012018,1,8,12988248064,0
hisat2,975028219,1,8,10505949184,0
hisat2,1553432780,1,8,11703566336,0
hisat2,1500897866,1,8,11934969856,0
hisat2,280206495,2,8,12622327808,0
hisat2,1930402105,1,8,12961341440,0
hisat2,986438395,1,8,10537377792,0
hisat2,43432059,2,8,11715870720,0
hisat2,1833571766,1,8,12337496064,0
hisat2,1744797203,1,8,12350210048,0
hisat2,118815501,2,8,11434082304,0
hisat2,1172593329,1,8,10872471552,0
hisat2,2497138980,1,8,14775967744,0
hisat2,118333900,2,8,11818139648,0
hisat2,105256881,2,8,12954124288,0
hisat2,204921544,1,8,8380162048,0
hisat2,134911754,2,8,11814813696,0
hisat2,898134167,1,8,8506273792,0
hisat2,121378039,2,8,12905897984,0
hisat2,632867196,1,8,9570181120,0
hisat2,1939427497,1,8,13139644416,0
hisat2,139361844,2,8,13242060800,0
hisat2,1935632449,1,8,12954333184,0
hisat2,945958911,1,8,10424385536,0
hisat2,58766211,2,8,11797413888,0
hisat2,2639785303,1,8,14805696512,0
hisat2,1332301895,1,8,11526098944,0
hisat2,1580161125,1,8,11784204288,0
hisat2,1460847974,1,8,8390164480,0
hisat2,1697932090,1,8,12628496384,0
hisat2,1574148668,1,8,11880497152,0
hisat2,1753310747,1,8,12495986688,0
hisat2,2586532366,1,8,15183343616,0
hisat2,1371247695,1,8,11667017728,0
hisat2,932676221,1,8,10437562368,0
hisat2,1105008637,1,8,10919067648,0
hisat2,1639522366,1,8,10477502464,0
hisat2,3053764810,1,8,13752410112,0
hisat2,28047028,2,8,577662976,0
hisat2,28220332,2,8,577363968,0
hisat2,28845488,2,8,578854912,0
hisat2,1156402880,1,8,14617014272,0
hisat2,743476605,1,8,13118689280,0
hisat2,1204890881,1,8,14859698176,0
hisat2,45371489168,2,8,32212516864,0
hisat2,45656796560,2,8,32212516864,0
hisat2,0,0,8,19521822720,0
hisat2,0,0,8,20366065664,0
hisat2,0,0,8,18132922368,0
hisat2,0,0,8,16704823296,0
hisat2,0,0,8,17491681280,0
hisat2,18269260450,2,8,25708023808,0
hisat2,5955405120,1,8,20233826304,0
hisat2,1019703577,1,8,15014039552,0
hisat2,1043712023,1,8,14042460160,0
hisat2,1056165582,1,8,15035314176,0
hisat2,1030473509,1,8,14076502016,0
hisat2,0,0,8,19213574144,0
hisat2,0,0,8,18827665408,0
hisat2,0,0,8,20139507712,0
hisat2,0,0,8,19976372224,0
hisat2,0,0,8,19070328832,0
hisat2,0,0,8,16138158080,0
hisat2,0,0,8,17043234816,0
hisat2,0,0,8,15760703488,0
hisat2,0,0,8,17718276096,0
hisat2,0,0,8,16143593472,0
hisat2,2871105383,2,8,18323234816,0
hisat2,2765686081,2,8,18052112384,0
hisat2,8273538248,2,8,30131531776,0
hisat2,8230452777,2,8,28272218112,0
hisat2,7402108206,2,8,32212512768,0
hisat2,24624149904,2,8,32211947520,0
hisat2,3358523484,2,8,16253366272,0
hisat2,3255521176,2,8,15629426688,0
hisat2,3399760222,2,8,16492310528,0
hisat2,3356308336,2,8,16362930176,0
hisat2,2664441302,2,8,15281057792,0
hisat2,2517870770,2,8,15416446976,0
hisat2,2507376536,2,8,12351737856,0
hisat2,2534377184,2,8,15203102720,0
hisat2,2664441302,2,8,14671036416,0
hisat2,2685954166,2,8,16482603008,0
hisat2,2652954482,2,8,15329075200,0
hisat2,2681609692,2,8,15177785344,0
hisat2,1210640821,1,8,13694996480,0
hisat2,86124957,2,8,12973088768,0
hisat2,140107671,2,8,13095710720,0
hisat2,58360250,2,8,13100318720,0
hisat2,206129186,2,8,13117640704,0
hisat2,222507895,2,8,11377348608,0
hisat2,230202702,2,8,11726360576,0
hisat2,51474301,2,8,12893474816,0
hisat2,123030972,2,8,11644936192,0
hisat2,129611640,2,8,11638153216,0
hisat2,117043969,2,8,10739347456,0
hisat2,143583494,2,8,11496890368,0
hisat2,131343854,2,8,11503325184,0
hisat2,147702404,2,8,12288143360,0
hisat2,63093593,2,8,12864540672,0
hisat2,2450097176,1,8,17548111872,0
hisat2,1749318412,2,8,14202134528,0
hisat2,110750130,1,8,11385126912,0
hisat2,11225869938,2,8,10742116352,0
hisat2,0,0,8,11753627648,0
hisat2,0,0,8,13780537344,0
hisat2,0,0,8,10875355136,0
hisat2,0,0,8,7342915584,0
hisat2,53188280912,2,8,32212516864,0
hisat2,57531630952,2,8,32212566016,0
hisat2,63334627930,2,8,32212541440,0
hisat2,8541580326,2,8,23089778688,0
hisat2,8702538138,2,8,22358061056,0
hisat2,841320644,1,8,3823177728,0
hisat2,1150732240,1,8,5349773312,0
hisat2,841320644,1,8,3831975936,0
hisat2,1150732240,1,8,5429993472,0
hisat2,21077778694,2,8,32212029440,0
hisat2,8879580413,1,8,16795893760,0
hisat2,1992547222,2,8,15821897728,0
hisat2,9072447054,2,8,16740470784,0
hisat2,2647845327,2,8,17267335168,0
hisat2,949126,2,8,7108825088,0
hisat2,4092854,2,8,7119597568,0
hisat2,1963955466,2,8,12353355776,0
hisat2,949126,2,8,7108820992,0
hisat2,4092854,2,8,6994362368,0
hisat2,7266644,2,8,7490195456,0
hisat2,13960968,2,8,7467200512,0
hisat2,1547687669,1,8,13825777664,0
hisat2,1547687669,1,8,15775805440,0
hisat2,3987561124,1,8,20107591680,0
hisat2,11225869938,2,8,18994499584,0
hisat2,357230813,2,8,12605595648,0
hisat2,406032808,2,8,12993228800,0
hisat2,304556248,2,8,12997689344,0
hisat2,350331099,2,8,11980775424,0
hisat2,70135703,2,8,13112184832,0
hisat2,47569530,2,8,13117571072,0
hisat2,50535627,2,8,11518173184,0
hisat2,151827643,2,8,11825319936,0
hisat2,229240199,2,8,11793072128,0
hisat2,207564017,2,8,11268018176,0
hisat2,1545009285,1,8,26894192640,0
hisat2,1410062605,1,8,26266828800,0
hisat2,1396369002,1,8,27283283968,0
hisat2,1976773255,1,8,27003707392,0
hisat2,1546359100,1,8,24349900800,0
hisat2,1273277735,1,8,24045961216,0
hisat2,1251558292,1,8,23390728192,0
hisat2,2430,1,8,24260734976,0
hisat2,66630594,2,8,11792732160,0
hisat2,97271842,2,8,11583569920,0
hisat2,93384668,2,8,11815456768,0
hisat2,90870053,2,8,11455328256,0
hisat2,108652673,2,8,11644055552,0
hisat2,105284556,2,8,11818668032,0
hisat2,101524366,2,8,11474538496,0
hisat2,51414317,2,8,11701944320,0
hisat2,10218793143,1,8,23450550272,0
hisat2,10195983727,1,8,25468063744,0
hisat2,9629179764,1,8,25968828416,0
hisat2,10330822743,1,8,23056084992,0
hisat2,9809854141,1,8,24063741952,0
hisat2,10100502334,1,8,24730923008,0
hisat2,10071683754,1,8,25887043584,0
hisat2,13240130826,1,8,27736379392,0
hisat2,14387964875,1,8,26670399488,0
hisat2,13445413952,1,8,27364130816,0
hisat2,14989851508,1,8,28510814208,0
hisat2,5221508726,1,8,19676688384,0
hisat2,13834104666,1,8,28508409856,0
hisat2,13267669753,1,8,29665800192,0
hisat2,12044473676,1,8,25523089408,0
hisat2,14563051653,1,8,28625244160,0
hisat2,13834187355,1,8,27265511424,0
hisat2,424095985,1,8,1256030208,0
hisat2,467886602,1,8,1407676416,0
hisat2,6663795317,1,8,18576216064,0
hisat2,6834170686,1,8,18430607360,0
hisat2,6378499653,1,8,20284153856,0
hisat2,7602716384,1,8,19296571392,0
hisat2,8284012596,1,8,20793806848,0
hisat2,6975018541,1,8,19656585216,0
hisat2,6553926474,1,8,18821943296,0
hisat2,6718602568,1,8,16439660544,0
hisat2,6264750722,1,8,18466156544,0
hisat2,7477549952,1,8,19955904512,0
hisat2,8145382717,1,8,19904851968,0
hisat2,6864245605,1,8,19828039680,0
hisat2,2303803197,2,8,18621145088,0
hisat2,2684171155,2,8,19475521536,0
hisat2,5126242450,1,8,18092929024,0
hisat2,4955265244,1,8,20132319232,0
hisat2,5338114298,1,8,18457481216,0
hisat2,5103141514,1,8,18386747392,0
hisat2,4996248095,1,8,16454017024,0
hisat2,5025889336,1,8,18802225152,0
hisat2,5052509770,1,8,18677837824,0
hisat2,5044449251,1,8,18038808576,0
hisat2,5037110146,1,8,19543179264,0
hisat2,5076217017,1,8,18486202368,0
hisat2,5012853143,1,8,18218381312,0
hisat2,83988453,2,8,13092220928,0
hisat2,62676796,2,8,11818385408,0
hisat2,65759809,2,8,11814948864,0
hisat2,194912161,2,8,12676395008,0
hisat2,292774513,2,8,11999698944,0
hisat2,269344613,2,8,11577290752,0
hisat2,73242508,2,8,13119164416,0
hisat2,110624528,2,8,11774808064,0
hisat2,108482176,2,8,11746459648,0
hisat2,2478004403,2,8,16131096576,0
hisat2,111064774,2,8,11819008000,0
hisat2,132837644,2,8,11818733568,0
hisat2,127472801,2,8,12800438272,0
hisat2,3474042288,1,8,16152145920,0
hisat2,3513236250,1,8,15059210240,0
hisat2,3500591789,1,8,16175366144,0
hisat2,3245795757,1,8,16572260352,0
hisat2,3233029133,1,8,15714377728,0
hisat2,2918868178,1,8,16062058496,0
hisat2,2908161090,1,8,16085520384,0
hisat2,3490832364,1,8,15658487808,0
hisat2,3475360477,1,8,16494161920,0
hisat2,3657734636,1,8,16153202688,0
hisat2,3641014155,1,8,15799783424,0
hisat2,3311323987,1,8,15841345536,0
hisat2,3298162424,1,8,16616034304,0
hisat2,3300494066,1,8,15678234624,0
hisat2,3282978690,1,8,14578688000,0
hisat2,2986335595,1,8,15097827328,0
hisat2,2975753928,1,8,15927885824,0
hisat2,4071818822,1,8,17033265152,0
hisat2,4056051034,1,8,17742516224,0
hisat2,4133155579,1,8,15629676544,0
hisat2,4117020764,1,8,16244883456,0
hisat2,3801467166,1,8,16359452672,0
hisat2,3785745944,1,8,15484399616,0
hisat2,3781775389,1,8,15831937024,0
hisat2,3766432752,1,8,14941495296,0
hisat2,4187911194,1,8,16122015744,0
hisat2,4169907355,1,8,16423321600,0
hisat2,3998076412,1,8,16421093376,0
hisat2,3980794265,1,8,16760479744,0
hisat2,3946340273,1,8,17592020992,0
hisat2,3928114185,1,8,16224911360,0
hisat2,3937389021,1,8,17564315648,0
hisat2,3919476276,1,8,16055799808,0
hisat2,3756808286,1,8,17016864768,0
hisat2,3740742629,1,8,16561889280,0
hisat2,3572378861,1,8,16361291776,0
hisat2,3559617257,1,8,16977649664,0
hisat2,3008211285,1,8,14869659648,0
hisat2,2996781785,1,8,14766252032,0
hisat2,3492839326,1,8,16880324608,0
hisat2,3474042288,1,8,16886820864,0
hisat2,59215157,2,8,12853006336,0
hisat2,52951767,2,8,12896509952,0
hisat2,53682672,2,8,12951535616,0
hisat2,179971173,2,8,11669590016,0
hisat2,275015023,2,8,12758110208,0
hisat2,241407773,2,8,11391127552,0
hisat2,56289471,2,8,11691843584,0
hisat2,106751144,2,8,12996546560,0
hisat2,103284346,2,8,12348293120,0
hisat2,102112292,2,8,11501174784,0
hisat2,121063994,2,8,12676534272,0
hisat2,114848012,2,8,12932521984,0
hisat2,112624679,2,8,11739344896,0
hisat2,26079918328,2,8,31313735680,0
hisat2,57476146,2,8,12771106816,0
hisat2,128063331,2,8,12970610688,0
hisat2,64728457,2,8,13776736256,0
hisat2,3361597070,1,8,32212430848,0
hisat2,3399968169,1,8,32211603456,0
hisat2,3393078553,1,8,32211824640,0
hisat2,3416535567,1,8,32230047744,0
hisat2,3419995217,1,8,32211611648,0
hisat2,3413985832,1,8,32211337216,0
hisat2,3322750334,1,8,32211402752,0
hisat2,3327121447,1,8,32216580096,0
hisat2,3417816797,1,8,32212017152,0
hisat2,3406890738,1,8,32249794560,0
hisat2,3413724584,1,8,32212516864,0
hisat2,3406384447,1,8,32211619840,0
hisat2,3413041629,1,8,32213102592,0
hisat2,3391405785,1,8,32211456000,0
hisat2,3312545537,1,8,32211320832,0
hisat2,3397816771,1,8,32212602880,0
hisat2,3409718375,1,8,32271101952,0
hisat2,3401187327,1,8,32212570112,0
hisat2,3415666983,1,8,32231878656,0
hisat2,3403387849,1,8,32211619840,0
hisat2,3409433011,1,8,32212340736,0
hisat2,3311323382,1,8,32211623936,0
hisat2,3324449919,1,8,32231358464,0
hisat2,3415201201,1,8,32212647936,0
hisat2,3405991494,1,8,32215449600,0
hisat2,3410745021,1,8,32211296256,0
hisat2,2614549054,1,8,32211558400,0
hisat2,3389505436,1,8,32233627648,0
hisat2,3412759783,1,8,32209489920,0
hisat2,3257169274,1,8,32211628032,0
hisat2,3321846124,1,8,32211673088,0
hisat2,57483923,2,8,13061681152,0
hisat2,52280775,2,8,13113761792,0
hisat2,54951163,2,8,13019561984,0
hisat2,158790104,2,8,11668946944,0
hisat2,186123858,2,8,11692642304,0
hisat2,188265602,2,8,13038473216,0
hisat2,55250203,2,8,11736711168,0
hisat2,103307322,2,8,12647440384,0
hisat2,107228164,2,8,12536332288,0
hisat2,104947271,2,8,11468550144,0
hisat2,125727443,2,8,12795682816,0
hisat2,119388221,2,8,11790577664,0
hisat2,118327416,2,8,11818160128,0
hisat2,56197333,2,8,11763855360,0
hisat2,252730186,1,8,9178046464,0
hisat2,237517096,1,8,9020899328,0
hisat2,255096155,1,8,9088749568,0
hisat2,250006901,1,8,9030848512,0
hisat2,246677342,1,8,8833421312,0
hisat2,235847333,1,8,8626094080,0
hisat2,248683265,1,8,8976351232,0
hisat2,243071858,1,8,8739528704,0
hisat2,110481139,1,8,8505229312,0
hisat2,105914022,1,8,8214368256,0
hisat2,111517586,1,8,8534003712,0
hisat2,108937372,1,8,8296660992,0
hisat2,451157549,1,8,6288113664,0
hisat2,428774437,1,8,9332617216,0
hisat2,453356652,1,8,8682582016,0
hisat2,442939612,1,8,9498947584,0
hisat2,47362797,1,8,590348288,0
hisat2,59507238,1,8,623632384,0
hisat2,54440286,1,8,607686656,0
hisat2,41861363,1,8,575938560,0
hisat2,2919639312,2,8,14726348800,0
hisat2,2935431538,2,8,15142486016,0
hisat2,47362797,1,8,588492800,0
hisat2,2921649174,2,8,16254103552,0
hisat2,2938914784,2,8,16789553152,0
hisat2,0,0,8,541282304,0
hisat2,0,0,8,622608384,0
hisat2,0,0,8,606904320,0
hisat2,0,0,8,574894080,0
hisat2,3091301630,2,8,16396603392,0
hisat2,3103753054,2,8,16192823296,0
hisat2,3090678064,2,8,16778166272,0
hisat2,3106740714,2,8,16350392320,0
hisat2,10266628,1,8,552992768,0
hisat2,13257716,1,8,578785280,0
hisat2,11429159,1,8,566542336,0
hisat2,9069614,1,8,544473088,0
hisat2,2950399652,2,8,16361193472,0
hisat2,2851662816,2,8,15125340160,0
hisat2,2983344980,2,8,16661024768,0
hisat2,2937686182,2,8,16235180032,0
hisat2,0,0,8,553009152,0
hisat2,0,0,8,563892224,0
hisat2,0,0,8,566517760,0
hisat2,0,0,8,544407552,0
hisat2,14084372488,1,8,32212516864,0
hisat2,13323910551,1,8,32212516864,0
hisat2,13088363816,1,8,32212508672,0
hisat2,13535395182,1,8,32212516864,0
hisat2,15021029163,1,8,32212516864,0
hisat2,14546521340,1,8,32212516864,0
hisat2,14493041286,1,8,32212516864,0
hisat2,15753204164,1,8,32212516864,0
hisat2,58045134014,2,8,32212516864,0
hisat2,47552764840,2,8,32212516864,0
hisat2,15504638828,2,8,25964326912,0
hisat2,14428056748,2,8,24648536064,0
hisat2,13625279222,2,8,22598193152,0
hisat2,15229261173,2,8,27214757888,0
hisat2,17264702794,2,8,28179431424,0
hisat2,10866513090,2,8,21115555840,0
hisat2,839545057,1,8,3803807744,0
hisat2,1150092288,1,8,5337534464,0
hisat2,3169670124,2,8,17819406336,0
hisat2,839545057,1,8,5459681280,0
hisat2,1150092288,1,8,7131602944,0
hisat2,28873918224,2,8,32212516864,0
hisat2,19793768390,2,8,28006072320,0
hisat2,1545009285,1,8,28252672000,0
hisat2,1410062605,1,8,25158492160,0
hisat2,1396369002,1,8,24856825856,0
hisat2,1976773255,1,8,26146750464,0
hisat2,1724015756,1,8,26594529280,0
hisat2,1546359100,1,8,25689026560,0
hisat2,1273277735,1,8,24950464512,0
hisat2,1251558292,1,8,27217346560,0
hisat2,35122459712,2,8,32212516864,0
hisat2,31127012152,2,8,32212512768,0
hisat2,25492415240,2,8,32212508672,0
hisat2,28357951096,2,8,32212508672,0
hisat2,30489295268,2,8,31583617024,0
hisat2,28540172508,2,8,32212512768,0
hisat2,29182757232,2,8,32212516864,0
hisat2,839545057,1,8,3849408512,0
hisat2,1150092288,1,8,5399400448,0
hisat2,839545057,1,8,5477376000,0
hisat2,1150092288,1,8,7318593536,0
hisat2,839545057,1,8,5371490304,0
hisat2,1150092288,1,8,7322251264,0
hisat2,469743678,1,8,1437614080,0
hisat2,497306641,1,8,1471410176,0
hisat2,497306641,1,8,1511374848,0
hisat2,531601309,1,8,1611976704,0
hisat2,625385925,1,8,1844506624,0
hisat2,625385925,1,8,1886896128,0
hisat2,18269260450,2,8,24143343616,0
hisat2,7753189783,2,8,23424671744,0
hisat2,155524,1,8,193171456,0
hisat2,1189346478,1,8,3870420992,0
hisat2,1651024896,1,8,5301927936,0
hisat2,1922998751,1,8,6154387456,0
hisat2,1395039710,1,8,4470734848,0
hisat2,450079472,1,8,1524621312,0
hisat2,700501995,1,8,2325823488,0
hisat2,2053641555,1,8,6836965376,0
hisat2,2513570087,1,8,8248791040,0
hisat2,839545057,1,8,3844673536,0
hisat2,1150092288,1,8,5427843072,0
hisat2,824189722,1,8,4042264576,0
hisat2,1168643433,1,8,5656207360,0
hisat2,1616136760,1,8,6418911232,0
hisat2,1221390108,1,8,5013045248,0
hisat2,1221706498,1,8,5069766656,0
hisat2,1116277468,1,8,4621885440,0
hisat2,15504638828,2,8,26553802752,0
hisat2,14428056748,2,8,30011310080,0
hisat2,13625279222,2,8,25705738240,0
hisat2,15229261173,2,8,28948701184,0
hisat2,17264702794,2,8,27158773760,0
hisat2,10866513090,2,8,23760207872,0
hisat2,16716970781,1,8,26864750592,0
hisat2,16080535895,1,8,25188028416,0
hisat2,15909937786,1,8,31653785600,0
hisat2,16832585138,1,8,28870275072,0
hisat2,14410109646,1,8,28053962752,0
hisat2,14662449127,1,8,26641289216,0
hisat2,13236277768,1,8,27549618176,0
hisat2,15669577880,1,8,27452489728,0
hisat2,611896010,1,8,9763823616,0
hisat2,582594016,1,8,9476726784,0
hisat2,616064641,1,8,9801551872,0
hisat2,597413700,1,8,9724489728,0
hisat2,524155037,1,8,9743777792,0
hisat2,498956630,1,8,9257598976,0
hisat2,527931957,1,8,9754472448,0
hisat2,511176132,1,8,9394810880,0
hisat2,557287460,1,8,9612791808,0
hisat2,527368248,1,8,9099829248,0
hisat2,560834375,1,8,9738797056,0
hisat2,539600308,1,8,9644990464,0
hisat2,648321669,1,8,9631145984,0
hisat2,617141783,1,8,9672478720,0
hisat2,651385394,1,8,10114117632,0
hisat2,632336427,1,8,9618620416,0
hisat2,410137049,1,8,9241280512,0
hisat2,392264817,1,8,9307394048,0
hisat2,412232857,1,8,9396580352,0
hisat2,402527277,1,8,9368858624,0
hisat2,646763947,1,8,9728831488,0
hisat2,619290081,1,8,10014572544,0
hisat2,651784120,1,8,10101407744,0
hisat2,634127703,1,8,9831550976,0
hisat2,567780239,1,8,9861103616,0
hisat2,544972668,1,8,9613139968,0
hisat2,570110619,1,8,9285566464,0
hisat2,558330989,1,8,9836580864,0
hisat2,410137049,1,8,9265725440,0
hisat2,392264817,1,8,9324146688,0
hisat2,412232857,1,8,9358426112,0
hisat2,402527277,1,8,8426401792,0
hisat2,424095985,1,8,1257873408,0
hisat2,19019145986,2,8,28384079872,0
hisat2,18578065502,2,8,27835592704,0
hisat2,21864825408,2,8,32212512768,0
hisat2,15967092996,2,8,26922377216,0
hisat2,18404851474,2,8,29390483456,0
hisat2,19171746952,2,8,25871912960,0
hisat2,19353733424,2,8,29490294784,0
hisat2,18206824302,2,8,31381618688,0
hisat2,16973159668,2,8,32212385792,0
hisat2,16611804952,2,8,26902560768,0
hisat2,18855587184,2,8,26567405568,0
hisat2,6786704456,1,8,18184200192,0
hisat2,5931296941,1,8,18055999488,0
hisat2,7638020664,1,8,18916343808,0
hisat2,6833079070,1,8,16559427584,0
hisat2,9391097204,1,8,17799442432,0
hisat2,10202543749,1,8,21534183424,0
hisat2,8680587124,1,8,20506533888,0
hisat2,7781226514,1,8,20920795136,0
hisat2,8609373050,1,8,21316083712,0
hisat2,9297320483,1,8,19966894080,0
hisat2,7778600277,1,8,20813115392,0
hisat2,7667170511,1,8,20310323200,0
hisat2,9068412712,1,8,22051966976,0
hisat2,7895991143,1,8,21840285696,0
hisat2,7182631948,1,8,17067126784,0
hisat2,7762610725,1,8,17949708288,0
hisat2,8162474589,1,8,21116243968,0
hisat2,7186807559,1,8,18756558848,0
hisat2,9328607352,1,8,19169972224,0
hisat2,9097026495,1,8,22337122304,0
hisat2,7263286459,1,8,16856113152,0
hisat2,8999100591,1,8,20987650048,0
hisat2,7158289578,1,8,13944987648,0
hisat2,7877626419,1,8,19916247040,0
hisat2,6961521867,1,8,14740201472,0
hisat2,469743678,1,8,1434460160,0
hisat2,497306641,1,8,1477050368,0
hisat2,497306641,1,8,1511694336,0
hisat2,531601309,1,8,1615134720,0
hisat2,625385925,1,8,1818550272,0
hisat2,625385925,1,8,1885036544,0
hisat2,467886602,1,8,1383755776,0
hisat2,467886602,1,8,1420423168,0
hisat2,7155601483,1,8,17043488768,0
hisat2,11747870732,1,8,20966129664,0
hisat2,155524,1,8,193908736,0
hisat2,1189346478,1,8,3871821824,0
hisat2,1651024896,1,8,5308162048,0
hisat2,1922998751,1,8,6113116160,0
hisat2,1395039710,1,8,4479029248,0
hisat2,450079472,1,8,1523023872,0
hisat2,700501995,1,8,2298527744,0
hisat2,2053641555,1,8,6865629184,0
hisat2,2513570087,1,8,8246980608,0
hisat2,839545057,1,8,3807838208,0
hisat2,1150092288,1,8,5425414144,0
hisat2,824189722,1,8,4040036352,0
hisat2,1168643433,1,8,5707788288,0
hisat2,1616136760,1,8,6417989632,0
hisat2,1221390108,1,8,5012656128,0
hisat2,1221706498,1,8,5051936768,0
hisat2,1116277468,1,8,4385636352,0
hisat2,1189346478,1,8,5760024576,0
hisat2,1651024896,1,8,7748083712,0
hisat2,1922998751,1,8,8196673536,0
hisat2,1395039710,1,8,6579798016,0
hisat2,450079472,1,8,2256883712,0
hisat2,700501995,1,8,3398955008,0
hisat2,2053641555,1,8,8241278976,0
hisat2,2513570087,1,8,8644968448,0
hisat2,839545057,1,8,5407256576,0
hisat2,1150092288,1,8,7115546624,0
hisat2,824189722,1,8,5753188352,0
hisat2,1168643433,1,8,7234613248,0
hisat2,1616136760,1,8,7906336768,0
hisat2,1221390108,1,8,6050926592,0
hisat2,1221706498,1,8,7276118016,0
hisat2,1116277468,1,8,6484291584,0
hisat2,1189346478,1,8,5690580992,0
hisat2,1651024896,1,8,7722889216,0
hisat2,1922998751,1,8,7881166848,0
hisat2,1395039710,1,8,5231169536,0
hisat2,450079472,1,8,2256154624,0
hisat2,700501995,1,8,3423358976,0
hisat2,2053641555,1,8,8365326336,0
hisat2,2513570087,1,8,8765300736,0
hisat2,839545057,1,8,5364326400,0
hisat2,1150092288,1,8,6160777216,0
hisat2,824189722,1,8,4996329472,0
hisat2,1168643433,1,8,7214452736,0
hisat2,1616136760,1,8,6826930176,0
hisat2,1221390108,1,8,7254872064,0
hisat2,1221706498,1,8,7278252032,0
hisat2,1116277468,1,8,6448025600,0
hisat2,95890259,2,8,12982042624,0
hisat2,44962808,2,8,12734525440,0
hisat2,60264797,2,8,11861512192,0
hisat2,243539009,2,8,11797413888,0
hisat2,286673827,2,8,11198423040,0
hisat2,1189346478,1,8,5831077888,0
hisat2,1651024896,1,8,7895433216,0
hisat2,1922998751,1,8,7652712448,0
hisat2,1395039710,1,8,6778429440,0
hisat2,450079472,1,8,2334818304,0
hisat2,700501995,1,8,3557072896,0
hisat2,2053641555,1,8,8414851072,0
hisat2,2513570087,1,8,8649904128,0
hisat2,839545057,1,8,2326679552,0
hisat2,1150092288,1,8,4187590656,0
hisat2,824189722,1,8,3158708224,0
hisat2,1168643433,1,8,4428046336,0
hisat2,1616136760,1,8,6095835136,0
hisat2,1221390108,1,8,4454543360,0
hisat2,1221706498,1,8,4516229120,0
hisat2,1116277468,1,8,3958525952,0
hisat2,319614144,2,8,11712872448,0
hisat2,50378502,2,8,12385529856,0
hisat2,108553117,2,8,11757080576,0
hisat2,129119480,2,8,11584278528,0
hisat2,105470634,2,8,12622663680,0
hisat2,150657749,2,8,11717509120,0
hisat2,120817279,2,8,12537110528,0
hisat2,157980021,2,8,11661496320,0
hisat2,58611235,2,8,11558932480,0
hisat2,79162201,2,8,12961411072,0
hisat2,48435354,2,8,12534165504,0
hisat2,58352489,2,8,12622258176,0
hisat2,236272322,2,8,11663298560,0
hisat2,284490118,2,8,11864182784,0
hisat2,317560106,2,8,11679686656,0
hisat2,42180465,2,8,12511698944,0
hisat2,106727723,2,8,11443154944,0
hisat2,129825921,2,8,11789918208,0
hisat2,103945989,2,8,12877479936,0
hisat2,148585806,2,8,11644616704,0
hisat2,120002242,2,8,11792498688,0
hisat2,155794137,2,8,11785834496,0
hisat2,61363032,2,8,11516370944,0
hisat2,84628046,2,8,12530339840,0
hisat2,45537082,2,8,12862046208,0
hisat2,63601744,2,8,11473948672,0
hisat2,239966567,2,8,11661934592,0
hisat2,301473675,2,8,12388691968,0
hisat2,312451970,2,8,12689358848,0
hisat2,46887943,2,8,11749818368,0
hisat2,117172979,2,8,11819249664,0
hisat2,129905692,2,8,11654729728,0
hisat2,7858629117,1,8,23313858560,0
hisat2,6538820751,1,8,19603763200,0
hisat2,113505494,2,8,12750614528,0
hisat2,6153992156,1,8,20153061376,0
hisat2,6172787783,1,8,19164463104,0
hisat2,152198096,2,8,11623587840,0
hisat2,6373602504,1,8,18302636032,0
hisat2,7891618766,1,8,21522649088,0
hisat2,131157894,2,8,11691364352,0
hisat2,159658257,2,8,11449610240,0
hisat2,63156570,2,8,11508584448,0
hisat2,3632757570,1,8,10117963776,0
hisat2,3632757570,1,8,10323468288,0
hisat2,1189346478,1,8,6006153216,0
hisat2,1651024896,1,8,7825268736,0
hisat2,1922998751,1,8,8102211584,0
hisat2,1395039710,1,8,6746341376,0
hisat2,450079472,1,8,2358726656,0
hisat2,700501995,1,8,3546914816,0
hisat2,2053641555,1,8,8506875904,0
hisat2,2513570087,1,8,9239580672,0
hisat2,839545057,1,8,3160113152,0
hisat2,1150092288,1,8,4210409472,0
hisat2,824189722,1,8,3161878528,0
hisat2,1168643433,1,8,4417814528,0
hisat2,1616136760,1,8,6114316288,0
hisat2,1221390108,1,8,4491870208,0
hisat2,1221706498,1,8,4452642816,0
hisat2,1116277468,1,8,3886825472,0
hisat2,87455230,2,8,13100371968,0
hisat2,48523478,2,8,12909129728,0
hisat2,61991320,2,8,12902211584,0
hisat2,252359767,2,8,12930469888,0
hisat2,251691931,2,8,12751040512,0
hisat2,313150204,2,8,12856270848,0
hisat2,46742338,2,8,12631113728,0
hisat2,115314753,2,8,12780298240,0
hisat2,130318153,2,8,11771518976,0
hisat2,91764932,2,8,12806332416,0
hisat2,102402420,2,8,11650519040,0
hisat2,125555615,2,8,12579254272,0
hisat2,138501265,2,8,11949600768,0
hisat2,178327316,2,8,11991105536,0
hisat2,902741622,2,8,6219935744,0
hisat2,196150840,2,8,12895977472,0
hisat2,284366625,2,8,11529396224,0
hisat2,1963955466,2,8,12884545536,0
hisat2,2396854766,2,8,13580152832,0
hisat2,257779513,2,8,12630351872,0
hisat2,22570370394,2,8,30545977344,0
hisat2,20154296578,2,8,32212385792,0
hisat2,1524748476,2,8,11146723328,0
hisat2,90424010,2,8,7381245952,0
hisat2,16716970781,1,8,28986802176,0
hisat2,8967724756,2,8,22812254208,0
hisat2,8967198626,2,8,21268115456,0
hisat2,144441404,2,8,12634181632,0
hisat2,120035493,2,8,13294555136,0
hisat2,39659276,2,8,12468666368,0
hisat2,107094061,2,8,11722264576,0
hisat2,109175815,2,8,12769271808,0
hisat2,115132146,2,8,11704328192,0
hisat2,121229125,2,8,12324687872,0
hisat2,144441404,2,8,11825262592,0
hisat2,125290999,2,8,13132783616,0
hisat2,226646599,2,8,11789139968,0
hisat2,143122874,2,8,12854882304,0
hisat2,115314753,2,8,11789705216,0
hisat2,167924724,2,8,11949830144,0
hisat2,130318153,2,8,12986003456,0
hisat2,175867398,2,8,13088755712,0
hisat2,62790322,2,8,11813597184,0
hisat2,24620852278,2,8,32212516864,0
hisat2,29077982268,2,8,32214347776,0
hisat2,978090901,1,8,7900049408,0
hisat2,469743678,1,8,1398124544,0
hisat2,531601309,1,8,1580355584,0
hisat2,424095985,1,8,1291526144,0
hisat2,6745443506,1,8,19192987648,0
hisat2,6507139753,1,8,17935056896,0
hisat2,6768702116,1,8,16747958272,0
hisat2,6662510624,1,8,18938970112,0
hisat2,6527444199,1,8,18947493888,0
hisat2,6625440648,1,8,20584456192,0
hisat2,6519227285,1,8,23141224448,0
hisat2,6744436945,1,8,22097870848,0
hisat2,3214891882,2,8,12138319872,0
hisat2,6625440648,1,8,20915527680,0
hisat2,6519227285,1,8,15420743680,0
hisat2,6744436945,1,8,18260566016,0
hisat2,6519227285,1,8,18742808576,0
hisat2,19172902202,2,8,31421149184,0
hisat2,19281839552,2,8,31549366272,0
hisat2,19886251966,2,8,31760392192,0
hisat2,20066755008,2,8,32212516864,0
hisat2,17345612700,2,8,32212385792,0
hisat2,17370741078,2,8,32212512768,0
hisat2,16983687172,2,8,32212512768,0
hisat2,17115686352,2,8,28407128064,0
hisat2,7630006835,2,8,23411134464,0
hisat2,22073221454,2,8,32212512768,0
hisat2,22073221454,2,8,32212516864,0
hisat2,20872639478,2,8,32212496384,0
hisat2,20539841148,2,8,26730684416,0
hisat2,20202066378,2,8,28822642688,0
hisat2,20339525590,2,8,28467585024,0
hisat2,21337791536,2,8,30754295808,0
hisat2,21670861166,2,8,32212385792,0
hisat2,20794833892,2,8,23160930304,0
hisat2,20794833892,2,8,32209133568,0
hisat2,109364832,2,8,13114404864,0
hisat2,121376189,2,8,12704276480,0
hisat2,136909314,2,8,11734642688,0
hisat2,189436412,2,8,11642167296,0
hisat2,219235315,2,8,11816136704,0
hisat2,224002757,2,8,11445301248,0
hisat2,415746828,2,8,11712700416,0
hisat2,289727489,2,8,11460038656,0
hisat2,41506314,2,8,11451006976,0
hisat2,120569337,2,8,11553153024,0
hisat2,114828937,2,8,11441188864,0
hisat2,134504700,2,8,11467927552,0
hisat2,130609993,2,8,11526774784,0
hisat2,169811868,2,8,11573469184,0
hisat2,136089447,2,8,12881137664,0
hisat2,307308295,2,8,12731305984,0
hisat2,412377164,1,8,3406053376,0
hisat2,387956614,1,8,3773386752,0
hisat2,568126779,1,8,3587096576,0
hisat2,264467830,1,8,3431907328,0
hisat2,141073786,1,8,3425087488,0
hisat2,416426020,1,8,3398373376,0
hisat2,468461661,1,8,3411984384,0
hisat2,350316160,1,8,3427553280,0
hisat2,304150203,1,8,3404447744,0
hisat2,202249297,1,8,3414589440,0
hisat2,484940078,1,8,3428380672,0
hisat2,122279552,1,8,3407872000,0
hisat2,489860227,1,8,9321148416,0
hisat2,489860227,1,8,8961425408,0
hisat2,489860227,1,8,9631522816,0
hisat2,467242748,1,8,9259196416,0
hisat2,493187930,1,8,9380700160,0
hisat2,478901664,1,8,9572585472,0
hisat2,4500841114,1,8,18468872192,0
hisat2,4390117212,1,8,17107968000,0
hisat2,4646194781,1,8,17432444928,0
hisat2,4500841114,1,8,16966459392,0
hisat2,0,0,8,8037826560,0
hisat2,0,0,8,8210403328,0
hisat2,0,0,8,2670706688,0
hisat2,0,0,8,8029315072,0
hisat2,0,0,8,8230129664,0
hisat2,0,0,8,8179867648,0
hisat2,0,0,8,7330258944,0
hisat2,0,0,8,7984152576,0
hisat2,0,0,8,7913443328,0
hisat2,0,0,8,7617298432,0
hisat2,0,0,8,8188399616,0
hisat2,0,0,8,7724560384,0
hisat2,114409095,1,8,7285530624,0
hisat2,27815219808,2,8,23302782976,0
hisat2,31738516144,2,8,32212512768,0
hisat2,6625440648,1,8,18479992832,0
hisat2,114409095,1,8,7300599808,0
hisat2,269081865,1,8,190980096,0
hisat2,26678928818,2,8,32212516864,0
hisat2,28552744048,2,8,32212516864,0
hisat2,24809291672,2,8,30838095872,0
hisat2,25156093020,2,8,32212504576,0
hisat2,184985939,1,8,7597584384,0
hisat2,184985939,1,8,7547654144,0
hisat2,153261553,1,8,7380660224,0
hisat2,153261553,1,8,7472062464,0
hisat2,209881206,1,8,7668858880,0
hisat2,209881206,1,8,7652229120,0
hisat2,162470360,1,8,7389618176,0
hisat2,162470360,1,8,7559684096,0
hisat2,203023309,1,8,7559344128,0
hisat2,203023309,1,8,7560773632,0
hisat2,188391550,1,8,7645798400,0
hisat2,188391550,1,8,7642238976,0
hisat2,141794576,1,8,7515611136,0
hisat2,141794576,1,8,7466655744,0
hisat2,181700324,1,8,7627014144,0
hisat2,181700324,1,8,7487782912,0
hisat2,152114516,1,8,7497314304,0
hisat2,152114516,1,8,7503974400,0
hisat2,12191368774,2,8,27111231488,0
hisat2,11538548154,2,8,26124566528,0
hisat2,11538548154,2,8,25736404992,0
hisat2,12191368774,2,8,26063732736,0
hisat2,26416549077,1,8,26408243200,0
hisat2,0,0,8,8524394496,0
hisat2,17043631908,2,8,25371504640,0
hisat2,17347951450,2,8,27882446848,0
hisat2,17050551724,2,8,28310376448,0
hisat2,18237037020,2,8,31790247936,0
hisat2,13793160534,2,8,22868238336,0
hisat2,15423463332,2,8,27571081216,0
hisat2,19953187240,2,8,29037215744,0
hisat2,18328614438,2,8,27993542656,0
hisat2,17451109510,2,8,30431174656,0
hisat2,26683795999,1,8,25695010816,0
hisat2,26416549077,1,8,32212512768,0
hisat2,23347932876,1,8,29340680192,0
hisat2,24100713180,1,8,32212512768,0
hisat2,37296508,1,8,7618838528,0
hisat2,6745443506,1,8,19369697280,0
hisat2,6507139753,1,8,18967683072,0
hisat2,6768702116,1,8,16501088256,0
hisat2,6662510624,1,8,18621386752,0
hisat2,6527444199,1,8,20776132608,0
hisat2,6625440648,1,8,18034348032,0
hisat2,6519227285,1,8,17015377920,0
hisat2,6744436945,1,8,19799363584,0
hisat2,3987561124,1,8,21210529792,0
hisat2,20697947654,2,8,30414376960,0
hisat2,0,0,8,32212516864,0
hisat2,0,0,8,8138407936,0
hisat2,0,0,8,8138719232,0
hisat2,0,0,8,8015478784,0
hisat2,0,0,8,8136560640,0
hisat2,0,0,8,8136769536,0
hisat2,0,0,8,8136204288,0
hisat2,164978709,1,8,3417862144,0
hisat2,136455622,1,8,3253133312,0
hisat2,11225869938,2,8,26641018880,0
hisat2,113008247,2,8,12898897920,0
hisat2,112445793,2,8,13114265600,0
hisat2,125575446,2,8,12846395392,0
hisat2,310155099,1,8,192471040,0
hisat2,3358111582,2,8,15069442048,0
hisat2,3255521176,2,8,16341217280,0
hisat2,3399760222,2,8,14477651968,0
hisat2,3356308336,2,8,15184338944,0
hisat2,11637427950,2,8,28801335296,0
hisat2,7742071096,1,8,24570449920,0
hisat2,10152925265,1,8,24296992768,0
hisat2,150918622,2,8,11946287104,0
hisat2,202220778,2,8,13116174336,0
hisat2,196352484,2,8,12327665664,0
hisat2,314706295,2,8,12668960768,0
hisat2,254544414,2,8,11675320320,0
hisat2,52058451,2,8,11591094272,0
hisat2,118507625,2,8,11798536192,0
hisat2,109274853,2,8,13091590144,0
hisat2,129911016,2,8,12847542272,0
hisat2,121870853,2,8,11796246528,0
hisat2,162853391,2,8,11916267520,0
hisat2,125460061,2,8,11898671104,0
hisat2,248547850,2,8,11615985664,0
hisat2,40554544110,2,8,32212516864,0
hisat2,9302594949,1,8,16857018368,0
hisat2,11592984714,2,8,19972280320,0
hisat2,130913075,2,8,12612427776,0
hisat2,137366908,2,8,12608839680,0
hisat2,150078636,2,8,12895182848,0
hisat2,146929598,2,8,13632757760,0
hisat2,204644930,2,8,11766874112,0
hisat2,308656017,2,8,12609888256,0
hisat2,235963413,2,8,12479307776,0
hisat2,117729361,2,8,12008538112,0
hisat2,142684635,2,8,11762741248,0
hisat2,158552435,2,8,11925127168,0
hisat2,243147540,2,8,12459655168,0
hisat2,98199289,2,8,12799475712,0
hisat2,53096695,2,8,12981891072,0
hisat2,197959726,2,8,13118640128,0
hisat2,189511777,2,8,12971888640,0
hisat2,251926887,2,8,11561463808,0
hisat2,66713766,2,8,11732619264,0
hisat2,115997926,2,8,11697860608,0
hisat2,107375823,2,8,11559374848,0
hisat2,127733699,2,8,12829302784,0
hisat2,126317510,2,8,11798724608,0
hisat2,160441033,2,8,11581505536,0
hisat2,118048636,2,8,11652366336,0
hisat2,110770479,2,8,11645333504,0
hisat2,101629392,1,8,383602688,0
hisat2,96965753,1,8,369463296,0
hisat2,337188220,1,8,1078915072,0
hisat2,81672747,1,8,321998848,0
hisat2,55481492,1,8,282054656,0
hisat2,112948899,1,8,423960576,0
hisat2,168731220,1,8,578129920,0
hisat2,144161018,1,8,507269120,0
hisat2,110991618,1,8,402464768,0
hisat2,45625684,1,8,270823424,0
hisat2,103875583,1,8,380940288,0
hisat2,22805652,1,8,248213504,0
hisat2,4024568865,1,8,14624112640,0
hisat2,1875562169,1,8,8167624704,0
hisat2,2060088284,1,8,8640847872,0
hisat2,4660837447,1,8,16136257536,0
hisat2,5431187296,1,8,14961041408,0
hisat2,40055020,2,8,13118005248,0
hisat2,63644476,2,8,13116645376,0
hisat2,74755555,2,8,12954079232,0
hisat2,52544795,2,8,11818991616,0
hisat2,20668371352,2,8,32212516864,0
hisat2,18026892860,2,8,32212385792,0
hisat2,8526712080,1,8,20513366016,0
hisat2,18207841930,2,8,32212508672,0
hisat2,4445709807,1,8,16699731968,0
hisat2,95873735,2,8,13117480960,0
hisat2,4905632622,2,8,24415080448,0
hisat2,8955725971,2,8,32212467712,0
hisat2,2840956886,2,8,18710450176,0
hisat2,4905632622,2,8,23416795136,0
hisat2,3028206256,2,8,20147556352,0
hisat2,3651191827,2,8,20426309632,0
hisat2,3276766283,2,8,19637915648,0
hisat2,3556911429,2,8,20439183360,0
hisat2,10862374592,2,8,19287195648,0
hisat2,5875044,1,8,514367488,0
hisat2,5825393,1,8,514572288,0
hisat2,5875044,1,8,696942592,0
hisat2,5825393,1,8,699445248,0
hisat2,8814389050,2,8,32212262912,0
hisat2,43194019572,2,8,32212516864,0
hisat2,3079562342,1,8,32214233088,0
hisat2,3413183217,1,8,32211914752,0
hisat2,3414446046,1,8,32233488384,0
hisat2,3251397419,1,8,32211615744,0
hisat2,3284588796,1,8,32211312640,0
hisat2,3275286838,1,8,32211759104,0
hisat2,3327872891,1,8,32224272384,0
hisat2,3320398345,1,8,32211652608,0
hisat2,3406872302,1,8,32214773760,0
hisat2,3415920843,1,8,32214421504,0
hisat2,3400210718,1,8,32230879232,0
hisat2,3419725019,1,8,32201125888,0
hisat2,3243816008,1,8,32211656704,0
hisat2,3226795213,1,8,32212553728,0
hisat2,3257832684,1,8,32212516864,0
hisat2,3331516369,1,8,32211632128,0
hisat2,3342077762,1,8,32212516864,0
hisat2,3415675925,1,8,32212623360,0
hisat2,3420337487,1,8,32212504576,0
hisat2,3410260429,1,8,32212553728,0
hisat2,3240173073,1,8,32212623360,0
hisat2,3229160694,1,8,32211304448,0
hisat2,3257779982,1,8,32211632128,0
hisat2,3269480125,1,8,32211689472,0
hisat2,3312198257,1,8,32212516864,0
hisat2,3329863549,1,8,32211214336,0
hisat2,3299409642,1,8,32212557824,0
hisat2,3225375467,1,8,32212598784,0
hisat2,3238702345,1,8,32218624000,0
hisat2,3287062805,1,8,32212598784,0
hisat2,3237106538,1,8,32211406848,0
hisat2,3282913492,1,8,32212111360,0
hisat2,3233511124,1,8,32232710144,0
hisat2,3413346867,1,8,32212520960,0
hisat2,3324646331,1,8,32212516864,0
hisat2,3334658256,1,8,32212516864,0
hisat2,597181446,2,8,11213611008,0
hisat2,726009912,2,8,11804889088,0
hisat2,733128900,2,8,11298709504,0
hisat2,380991094,2,8,11157123072,0
hisat2,251695112,2,8,10187190272,0
hisat2,314720904,2,8,8722075648,0
hisat2,1001101662,2,8,12988219392,0
hisat2,494206816,2,8,10875072512,0
hisat2,663212576,2,8,11903803392,0
hisat2,453894412,2,8,10373013504,0
hisat2,390658068,2,8,10221387776,0
hisat2,430077542,2,8,10377293824,0
hisat2,787791600,2,8,14315888640,0
hisat2,703978662,2,8,13845495808,0
hisat2,17588828468,2,8,27648266240,0
hisat2,242524783,1,8,6491267072,0
hisat2,597181446,2,8,10906923008,0
hisat2,726009912,2,8,11561656320,0
hisat2,733128900,2,8,11530215424,0
hisat2,380991094,2,8,11253469184,0
hisat2,251695112,2,8,10314760192,0
hisat2,314720904,2,8,10743758848,0
hisat2,1001101662,2,8,13241122816,0
hisat2,494206816,2,8,10874560512,0
hisat2,663212576,2,8,11870924800,0
hisat2,453894412,2,8,10566365184,0
hisat2,390658068,2,8,10020462592,0
hisat2,430077542,2,8,10418737152,0
hisat2,787791600,2,8,12603949056,0
hisat2,703978662,2,8,10628308992,0
hisat2,628684402,2,8,13527011328,0
hisat2,232531,1,8,192806912,0
hisat2,17301848304,2,8,32212389888,0
hisat2,35043648684,2,8,32212516864,0
hisat2,1668974029,1,8,15610445824,0
hisat2,1104577369,1,8,14027694080,0
hisat2,1489173443,1,8,17014898688,0
hisat2,1623308570,1,8,16370040832,0
hisat2,1626681190,1,8,16380735488,0
hisat2,1631121413,1,8,16245854208,0
hisat2,1317827289,1,8,15497220096,0
hisat2,1558484088,1,8,17168191488,0
hisat2,1591539933,1,8,17309937664,0
hisat2,1616107732,1,8,16745365504,0
hisat2,1536647273,1,8,15692054528,0
hisat2,1798641107,1,8,16736440320,0
hisat2,1612277198,1,8,16442363904,0
hisat2,1703860608,1,8,17359171584,0
hisat2,1669229341,1,8,17215803392,0
hisat2,1645418550,1,8,16028205056,0
hisat2,1544826272,1,8,16878501888,0
hisat2,1819401925,1,8,14182977536,0
hisat2,1627984521,1,8,17122934784,0
hisat2,1628861292,1,8,16792113152,0
hisat2,1616303536,1,8,16724369408,0
hisat2,1698760042,1,8,16536072192,0
hisat2,1502432234,1,8,17220575232,0
hisat2,1552694875,1,8,16321462272,0
hisat2,1563023811,1,8,16261799936,0
hisat2,1368979541,1,8,15442731008,0
hisat2,1522342710,1,8,16892977152,0
hisat2,1681971269,1,8,15986397184,0
hisat2,1662750300,1,8,16265580544,0
hisat2,7978641516,1,8,18396811264,0
hisat2,7226000844,1,8,17103777792,0
hisat2,3270611514,1,8,10501783552,0
hisat2,4715951360,1,8,13248233472,0
hisat2,5154323632,1,8,13886840832,0
hisat2,4492887196,1,8,12916383744,0
hisat2,3436129050,1,8,11151155200,0
hisat2,3094244213,2,8,18713821184,0
hisat2,2766174370,2,8,16667959296,0
hisat2,3477463550,2,8,16096874496,0
hisat2,3340725947,2,8,17330561024,0
hisat2,2904253885,2,8,18277543936,0
hisat2,3463531201,2,8,19735683072,0
hisat2,3401646481,2,8,18783793152,0
hisat2,3251460853,2,8,17694408704,0
hisat2,3486372308,2,8,17353662464,0
hisat2,0,0,8,30101970944,0
hisat2,2686702054,1,8,9871204352,0
hisat2,2597000176,1,8,9291644928,0
hisat2,2931630662,1,8,10303660032,0
hisat2,2765103256,1,8,9859076096,0
hisat2,2569119415,1,8,9616265216,0
hisat2,2947635166,1,8,10507739136,0
hisat2,714704712,1,8,9628344320,0
hisat2,674895899,1,8,10041413632,0
hisat2,719325620,1,8,10169769984,0
hisat2,692595144,1,8,9827565568,0
hisat2,792505422,1,8,10296778752,0
hisat2,752400884,1,8,9959723008,0
hisat2,797265914,1,8,10180743168,0
hisat2,774326001,1,8,10334892032,0
hisat2,792505422,1,8,8488644608,0
hisat2,752400884,1,8,9239724032,0
hisat2,797265914,1,8,8790138880,0
hisat2,774326001,1,8,9461424128,0
hisat2,714704712,1,8,9020784640,0
hisat2,674895899,1,8,8718151680,0
hisat2,719325620,1,8,9217650688,0
hisat2,692595144,1,8,8888868864,0
hisat2,600147047,1,8,8374124544,0
hisat2,600147047,1,8,8023867392,0
hisat2,600147047,1,8,8676417536,0
hisat2,600147047,1,8,8074727424,0
hisat2,732561355,1,8,8912834560,0
hisat2,691458352,1,8,8851922944,0
hisat2,737495211,1,8,8966320128,0
hisat2,709283607,1,8,9073868800,0
hisat2,736971417,1,8,9199603712,0
hisat2,696681285,1,8,8769900544,0
hisat2,743426030,1,8,9287647232,0
hisat2,715400100,1,8,9179361280,0
hisat2,508518305,1,8,8637562880,0
hisat2,538774659,1,8,8499441664,0
hisat2,522025068,1,8,8671535104,0
hisat2,660821069,1,8,8750923776,0
hisat2,620596076,1,8,8766849024,0
hisat2,664533155,1,8,9080528896,0
hisat2,637431454,1,8,9002598400,0
hisat2,0,0,8,8776187904,0
hisat2,29077982268,2,8,32212123648,0
hisat2,3660288000,2,8,16015364096,0
hisat2,17897959764,2,8,27729584128,0
hisat2,17514076326,2,8,26740400128,0
hisat2,16033127234,2,8,23141076992,0
hisat2,16122515404,2,8,23879766016,0
hisat2,16746167154,2,8,25345867776,0
hisat2,16084909844,2,8,26685886464,0
hisat2,18877291388,2,8,30179291136,0
hisat2,10129239452,2,8,18628714496,0
hisat2,9334686446,2,8,25324597248,0
hisat2,2307310432,2,8,13967212544,0
hisat2,2195120078,2,8,14131896320,0
hisat2,1464958560,2,8,12090085376,0
hisat2,2307310432,2,8,11327754240,0
hisat2,983341,1,8,199634944,0
hisat2,7845169230,1,8,15646081024,0
hisat2,17897959764,2,8,26892861440,0
hisat2,17514076326,2,8,24671338496,0
hisat2,16033127234,2,8,23877279744,0
hisat2,16122515404,2,8,24592461824,0
hisat2,16746167154,2,8,24523657216,0
hisat2,16084909844,2,8,24325427200,0
hisat2,18877291388,2,8,27970179072,0
hisat2,10129239452,2,8,18951847936,0
hisat2,7990344016,2,8,16385064960,0
hisat2,12012640740,2,8,18262560768,0
hisat2,9751691932,2,8,17144365056,0
hisat2,9979367620,2,8,25849114624,0
hisat2,17017440474,2,8,29819617280,0
hisat2,10821241572,2,8,21792059392,0
hisat2,9867571298,2,8,23153532928,0
hisat2,28635045,1,8,466608128,0
hisat2,497043144,2,8,8654110720,0
hisat2,660805204,2,8,8870567936,0
hisat2,396665156,2,8,8337760256,0
hisat2,22357778,2,8,7186288640,0
hisat2,8285500716,2,8,19395878912,0
hisat2,11229644215,1,8,32212512768,0
hisat2,17897959764,2,8,30010392576,0
hisat2,17514076326,2,8,29565771776,0
hisat2,16033127234,2,8,26177507328,0
hisat2,16122515404,2,8,25341362176,0
hisat2,16746167154,2,8,22660108288,0
hisat2,16084909844,2,8,25092513792,0
hisat2,18877291388,2,8,30598389760,0
hisat2,10129239452,2,8,18120331264,0
hisat2,221674265,1,8,13333168128,0
hisat2,22357778,2,8,7186059264,0
hisat2,396665156,2,8,8337580032,0
hisat2,660805204,2,8,9160228864,0
hisat2,497043144,2,8,8652574720,0
hisat2,162921993,1,8,9140269056,0
hisat2,153319464,1,8,9072627712,0
hisat2,6973257026,1,8,20640952320,0
hisat2,8553921028,1,8,23347380224,0
hisat2,11076160444,1,8,31368728576,0
hisat2,19469961170,2,8,32105463808,0
hisat2,2416055386,1,8,9480818688,0
hisat2,1746504957,1,8,8303271936,0
hisat2,2416055386,1,8,10697089024,0
hisat2,1746504957,1,8,8905617408,0
hisat2,4265168320,1,8,14263050240,0
hisat2,6753188682,1,8,17522487296,0
hisat2,4558060293,1,8,14249062400,0
hisat2,5039949690,1,8,15387889664,0
hisat2,4201230309,1,8,13232439296,0
hisat2,5289225734,1,8,14604402688,0
hisat2,4275287069,1,8,13896601600,0
hisat2,3416477952,1,8,12416282624,0
hisat2,4779207207,1,8,13429411840,0
hisat2,2738123586,1,8,10994118656,0
hisat2,2896056874,1,8,10597183488,0
hisat2,2080263602,1,8,9244782592,0
hisat2,2580685146,1,8,10273456128,0
hisat2,3749067328,1,8,12339769344,0
hisat2,2561356672,1,8,10206310400,0
hisat2,3373425481,1,8,11913027584,0
hisat2,221674265,1,8,6387843072,0
hisat2,13094250072,2,8,24208220160,0
hisat2,6744436945,1,8,14855630848,0
hisat2,8483367490,2,8,15996186624,0
hisat2,5950573064,1,8,13182562304,0
hisat2,5956655716,1,8,12483317760,0
hisat2,5917274476,1,8,12032475136,0
hisat2,5819415482,1,8,12985262080,0
hisat2,5855424871,1,8,12707213312,0
hisat2,5849272570,1,8,13110296576,0
hisat2,5950573064,1,8,11844452352,0
hisat2,5956655716,1,8,12032929792,0
hisat2,5917274476,1,8,12826898432,0
hisat2,5819415482,1,8,12511473664,0
hisat2,5855424871,1,8,11809783808,0
hisat2,5849272570,1,8,13343412224,0
hisat2,8424730336,1,8,30999027712,0
hisat2,9088157460,1,8,28345372672,0
hisat2,13152574609,1,8,32212504576,0
hisat2,11710521530,1,8,32212512768,0
hisat2,11617742445,1,8,32212512768,0
hisat2,14253289343,1,8,32212516864,0
hisat2,9649409783,1,8,30204264448,0
hisat2,9392815012,1,8,30765498368,0
hisat2,9457340813,1,8,32212385792,0
hisat2,11416383057,1,8,32212516864,0
hisat2,14405614564,1,8,32212516864,0
hisat2,12439364517,1,8,32212516864,0
hisat2,15614294177,1,8,32212516864,0
hisat2,11199912098,1,8,32212516864,0
hisat2,14953580286,1,8,32212516864,0
hisat2,8396788395,1,8,32127954944,0
hisat2,8285500716,2,8,18183303168,0
hisat2,8483367490,2,8,16694870016,0
hisat2,983341,1,8,193880064,0
hisat2,55339496,2,8,12781379584,0
hisat2,40055020,2,8,13114155008,0
hisat2,76105544,2,8,11627921408,0
hisat2,63644476,2,8,11573809152,0
hisat2,74755555,2,8,12783480832,0
hisat2,52544795,2,8,13119148032,0
hisat2,50325716,2,8,12919480320,0
hisat2,69978195,2,8,11599036416,0
hisat2,84961724,2,8,13011800064,0
hisat2,84260040,2,8,13031751680,0
hisat2,96832141,2,8,12691644416,0
hisat2,74507276,2,8,11702112256,0
hisat2,85155394,2,8,13611544576,0
hisat2,106325579,2,8,12890501120,0
hisat2,109857036,2,8,12873973760,0
hisat2,983341,1,8,197988352,0
hisat2,242524783,1,8,6482206720,0
hisat2,6941752,2,8,509857792,0
hisat2,6758170,2,8,509558784,0
hisat2,7091916,2,8,509992960,0
hisat2,7048516,2,8,509566976,0
hisat2,7265082,2,8,510664704,0
hisat2,6956508,2,8,509923328,0
hisat2,7978641516,1,8,17404682240,0
hisat2,8391906941,1,8,18342948864,0
hisat2,7226000844,1,8,16743698432,0
hisat2,11747870732,1,8,21700886528,0
hisat2,7808180164,2,8,25804967936,0
hisat2,12595513066,2,8,28258639872,0
hisat2,9036698610,2,8,28606857216,0
hisat2,9417195172,2,8,28549935104,0
hisat2,6686569478,2,8,25376833536,0
hisat2,9506830060,2,8,27072471040,0
hisat2,8435355488,2,8,26706112512,0
hisat2,12546607690,2,8,31870795776,0
hisat2,13046694606,2,8,30814064640,0
hisat2,9517398548,2,8,24158863360,0
hisat2,12552298070,2,8,29127954432,0
hisat2,7859809358,2,8,27526946816,0
hisat2,8124198656,2,8,24018116608,0
hisat2,6898323898,2,8,23218384896,0
hisat2,15237504576,2,8,30950559744,0
hisat2,10550771716,2,8,26289422336,0
hisat2,8366541126,2,8,23582625792,0
hisat2,13751622702,2,8,30063861760,0
hisat2,7994490312,2,8,25877266432,0
hisat2,13900326390,2,8,32211939328,0
hisat2,11100194188,2,8,26700271616,0
hisat2,12028483560,2,8,28710178816,0
hisat2,8714519612,2,8,27459358720,0
hisat2,8719870182,2,8,26921242624,0
hisat2,101629392,1,8,494800896,0
hisat2,96965753,1,8,477192192,0
hisat2,337188220,1,8,1409351680,0
hisat2,81672747,1,8,396865536,0
hisat2,55481492,1,8,338399232,0
hisat2,112948899,1,8,537419776,0
hisat2,168731220,1,8,748601344,0
hisat2,144161018,1,8,660660224,0
hisat2,110991618,1,8,523669504,0
hisat2,45625684,1,8,326234112,0
hisat2,103875583,1,8,491384832,0
hisat2,22805652,1,8,267546624,0
hisat2,2752887184,2,8,18881896448,0
hisat2,6436731643,1,8,19355316224,0
hisat2,2641392836,1,8,11427950592,0
hisat2,2454594383,1,8,10430717952,0
hisat2,5531216065,1,8,17348980736,0
hisat2,11637427950,2,8,19786256384,0
hisat2,412377164,1,8,1402093568,0
hisat2,387956614,1,8,1313521664,0
hisat2,568126779,1,8,1836441600,0
hisat2,264467830,1,8,923590656,0
hisat2,141073786,1,8,515829760,0
hisat2,416426020,1,8,1421799424,0
hisat2,468461661,1,8,1517551616,0
hisat2,350316160,1,8,1158217728,0
hisat2,304150203,1,8,1022824448,0
hisat2,202249297,1,8,684081152,0
hisat2,484940078,1,8,1549991936,0
hisat2,122279552,1,8,452071424,0
hisat2,3473689852,1,8,9765679104,0
hisat2,16733328002,2,8,27637665792,0
hisat2,31072899,1,8,7676411904,0
hisat2,3473689852,1,8,9389006848,0
hisat2,4015810405,1,8,10301489152,0
hisat2,2608709066,1,8,8788942848,0
hisat2,2427827938,1,8,8384413696,0
hisat2,2466457899,1,8,8310439936,0
hisat2,3167482498,1,8,9572003840,0
hisat2,51219349722,2,8,32212516864,0
hisat2,1115055322,2,8,11556679680,0
hisat2,5564390506,2,8,12464472064,0
hisat2,10821241572,2,8,18395856896,0
hisat2,690222235,1,8,14290255872,0
hisat2,761361301,1,8,11450777600,0
hisat2,551667958,1,8,13568532480,0
hisat2,604381442,1,8,13615747072,0
hisat2,868740090,1,8,14357098496,0
hisat2,943620747,1,8,14812364800,0
hisat2,824829616,1,8,14085632000,0
hisat2,903868638,1,8,13856862208,0
hisat2,589321934,1,8,13705166848,0
hisat2,649805619,1,8,14588743680,0
hisat2,573295132,1,8,13914427392,0
hisat2,627378133,1,8,14583599104,0
hisat2,1028323,1,8,2589753344,0
hisat2,300015,1,8,2345545728,0
hisat2,376968,1,8,2333483008,0
hisat2,7845169230,1,8,16853536768,0
hisat2,13008528079,1,8,21596356608,0
hisat2,11413775569,1,8,24422637568,0
hisat2,13802814254,1,8,25877209088,0
hisat2,16823448617,1,8,26556895232,0
hisat2,16793727329,1,8,24882851840,0
hisat2,14687388478,1,8,27976146944,0
hisat2,12341262879,1,8,26508554240,0
hisat2,13479703384,1,8,28436819968,0
hisat2,8285500716,2,8,17170788352,0
hisat2,5437763062,2,8,12162166784,0
hisat2,17286805,2,8,8339693568,0
hisat2,18103099,2,8,8196993024,0
hisat2,11261781,2,8,8219172864,0
hisat2,13222831,2,8,8304160768,0
hisat2,14800902,2,8,8293785600,0
hisat2,14015504,2,8,8306421760,0
hisat2,25158587,2,8,8400216064,0
hisat2,14352853,2,8,8303124480,0
hisat2,9027826,2,8,8123109376,0
hisat2,19243688,2,8,8337518592,0
hisat2,12738590,2,8,8295600128,0
hisat2,18575792,2,8,8304644096,0
hisat2,77346483,2,8,12979945472,0
hisat2,77817271,2,8,13119676416,0
hisat2,94051889,2,8,11565662208,0
hisat2,96927155,2,8,12783144960,0
hisat2,110651065,2,8,13113946112,0
hisat2,9979367620,2,8,19304185856,0
hisat2,10821241572,2,8,20592046080,0
hisat2,38095312,1,8,237416448,0
hisat2,40510132,1,8,239902720,0
hisat2,32385595,1,8,229806080,0
hisat2,39017721812,2,8,32212516864,0
hisat2,33136557650,2,8,32212500480,0
hisat2,38588381996,2,8,32212516864,0
hisat2,41259889512,2,8,32212516864,0
hisat2,25158587,2,8,8422567936,0
hisat2,14352853,2,8,8311660544,0
hisat2,9027826,2,8,8274341888,0
hisat2,19243688,2,8,8355561472,0
hisat2,12738590,2,8,8304308224,0
hisat2,18575792,2,8,8373911552,0
hisat2,17286805,2,8,8353181696,0
hisat2,18103099,2,8,8357994496,0
hisat2,11261781,2,8,8290852864,0
hisat2,13222831,2,8,8311758848,0
hisat2,14800902,2,8,8329859072,0
hisat2,14015504,2,8,8314494976,0
hisat2,6442000928,2,8,24636497920,0
hisat2,13038340606,2,8,25352351744,0
hisat2,14873693980,2,8,29490286592,0
hisat2,11717249912,2,8,28963225600,0
hisat2,12500447644,2,8,27467722752,0
hisat2,10538024258,2,8,25592356864,0
hisat2,6737411344,2,8,25223757824,0
hisat2,9020616666,2,8,25105399808,0
hisat2,15133929234,2,8,29151936512,0
hisat2,12115714618,2,8,24014692352,0
hisat2,13976840108,2,8,24001585152,0
hisat2,6772396658,2,8,25780424704,0
hisat2,8758609714,2,8,25973387264,0
hisat2,12603654424,2,8,27910209536,0
hisat2,15337116950,2,8,32141336576,0
hisat2,14802226794,2,8,28179382272,0
hisat2,7151816810,2,8,24798683136,0
hisat2,12957570478,2,8,28482568192,0
hisat2,11336932722,2,8,28420714496,0
hisat2,9722746006,2,8,24682442752,0
hisat2,6540388090,2,8,25287643136,0
hisat2,5357262334,2,8,25506410496,0
hisat2,9108305306,2,8,26469806080,0
hisat2,17030668828,2,8,32212508672,0
hisat2,8709438110,2,8,22815264768,0
hisat2,13795223444,2,8,31565996032,0
hisat2,6105373136,2,8,32206585856,0
hisat2,7994490312,2,8,26695581696,0
hisat2,13900326390,2,8,31966851072,0
hisat2,11100194188,2,8,27900551168,0
hisat2,12028483560,2,8,29477634048,0
hisat2,8714519612,2,8,25866051584,0
hisat2,8719870182,2,8,22042009600,0
hisat2,8435355488,2,8,24510087168,0
hisat2,12546607690,2,8,32211869696,0
hisat2,13046694606,2,8,25023799296,0
hisat2,9517398548,2,8,23457792000,0
hisat2,12552298070,2,8,31271976960,0
hisat2,7859809358,2,8,24406614016,0
hisat2,28216473816,2,8,32212504576,0
hisat2,1387021,2,8,506826752,0
hisat2,2579657330,2,8,18761584640,0
hisat2,1306155824,2,8,17609265152,0
hisat2,1687753448,2,8,17542782976,0
hisat2,1679870194,2,8,17500905472,0
hisat2,1851954905,2,8,16223002624,0
hisat2,1902402279,2,8,16892219392,0
hisat2,1679317443,2,8,19860381696,0
hisat2,1701119793,2,8,17462489088,0
hisat2,8162002082,1,8,21132492800,0
hisat2,7375766193,1,8,19894255616,0
hisat2,694605,1,8,1634660352,0
hisat2,19491306388,2,8,29326868480,0
hisat2,17249399902,2,8,28721258496,0
hisat2,19491306388,2,8,30314483712,0
hisat2,8967198626,2,8,23114211328,0
hisat2,8967198626,2,8,24139190272,0
hisat2,25158587,2,8,8412008448,0
hisat2,14352853,2,8,8321499136,0
hisat2,9027826,2,8,8273842176,0
hisat2,12738590,2,8,8305541120,0
hisat2,18575792,2,8,8373133312,0
hisat2,25158587,2,8,8366456832,0
hisat2,14352853,2,8,8175095808,0
hisat2,9027826,2,8,8259641344,0
hisat2,17286805,2,8,8347729920,0
hisat2,19243688,2,8,8345542656,0
hisat2,18103099,2,8,8362201088,0
hisat2,11261781,2,8,8282841088,0
hisat2,13222831,2,8,8311197696,0
hisat2,14800902,2,8,8324263936,0
hisat2,14015504,2,8,8323833856,0
hisat2,14800902,2,8,8314335232,0
hisat2,12738590,2,8,8283934720,0
hisat2,17286805,2,8,8311529472,0
hisat2,14800902,2,8,8230957056,0