Tool name: bowtie2
Run configuration:
{   'dataset_path': '../experiments/Experiment 5 - Comparison to Kamalis '
                    'data/data/bowtie2_transformed.txt',
    'do_cross_validation': True,
    'model_params': {'n_estimators': 200, 'random_state': 0},
    'model_type': 'rf',
    'seed': 0}
Model_params: [["bootstrap", true], ["ccp_alpha", 0.0], ["criterion", "squared_error"], ["max_depth", null], ["max_features", 1.0], ["max_leaf_nodes", null], ["max_samples", null], ["min_impurity_decrease", 0.0], ["min_samples_leaf", 1], ["min_samples_split", 2], ["min_weight_fraction_leaf", 0.0], ["n_estimators", 200], ["n_jobs", null], ["oob_score", false], ["random_state", 0], ["verbose", 2], ["warm_start", false]]
Time for training in mins: 0.08410189549128215
Feature importance: [0.9657672 0.0342328 0.       ]
Mean absolute error: 1.4288471162859067
Mean squared error: 5.86552420998075
Root mean squared error: 2.421884433655072
R2 Score: 0.903776296694123
Mean cross-validation test score: 0.8823254478428317
############################
Filesize (GB), Prediction (GB), Target (GB), Create_time
############################
0.872749877,2.385584005120005,2.44463616,0
0.202129411,4.1124680450101865,6.87214592,0
0.001966851,1.9531680529066593,7.136006144,0
0.595083522,2.386918584319993,2.434371584,0
2.920300464,5.553648110592003,6.90880512,0
0.174523537,2.4993045521860977,1.388670976,0
6.549e-05,3.8789109455942463,7.013056512,0
0.234546495,1.5447970816000005,1.543368704,0
0.608585694,2.520336066560004,2.347257856,0
4.737503409,15.127303966719992,16.929886208,0
6.480744704,12.035236297386673,13.309575168,0
2.723701934,10.330489766229373,7.044706304,0
0.204406584,4.568734457030541,4.09716736,0
0.220761665,1.1636818684586658,0.611319808,0
0.001945222,0.20634792891733345,0.231534592,0
0.255077009,0.6952831180800004,0.722485248,0
14.95941165,21.727582822399953,22.15079936,0
0.257323549,0.6861560832000007,0.694669312,0
0.070522747,2.0177049918130208,1.123577856,0
1.282853096,5.8795817164799935,2.251022336,0
0.606354433,2.320836068693329,2.766471168,0
0.269800676,4.752224722523909,4.222480384,0
9.304376152,19.067201863680022,18.158641152,0
0.003286001,0.2056859648000003,0.2025472,0
2.405456842,5.7874899558399875,5.67164928,0
0.020155628,0.2463998361600005,0.253550592,0
1.821811195,10.397869977600005,4.861345792,0
0.019945143,0.24758480896000054,0.254509056,0
0.256541404,0.6807809843200029,0.683966464,0
0.217010402,4.493510142134615,4.128243712,0
0.03201349,0.2688430694399996,0.241782784,0
0.00824316,0.4030464000000001,3.12631296,0
0.114718857,4.849568636677052,3.908513792,0
0.0,6.75835334865675,6.586683392,0
0.093486552,4.347786279420961,3.858317312,0
0.61640109,2.5065486817280043,2.454335488,0
0.602202583,2.514341406719998,2.264772608,0
0.599132243,2.3265448014506656,2.674540544,0
32.162122692,32.21253736447988,30.737842176,0
0.108489759,4.138269440150464,1.321291776,0
0.218542554,4.873469156564816,4.107575296,0
5.47406899,18.199206965248024,11.749441536,0
0.204406584,4.568734457030541,7.64751872,0
5.708468902,16.85875156637664,18.628694016,0
0.19435591,4.073048057298827,4.076736512,0
0.605438408,2.577091719167991,2.35313152,0
4.826164057,13.038127615999986,6.953586688,0
0.148876741,4.314034455977572,3.981185024,0
0.612000374,2.2011491839999957,2.478596096,0
0.001188068,0.3003518117677378,0.269594624,0
1.946374533,8.151119175680023,8.9796608,0
3.885485658,18.21414678528005,19.619872768,0
1.093471257,2.785966571520004,3.064070144,0
0.001846197,0.22163718407314328,0.20527104,0
0.254838902,7.550438084022865,8.276844544,0
0.262985162,0.7058919219200018,0.712925184,0
2.522277443,13.768558469119988,13.243244544,0
0.218813069,4.72643806733351,7.705378816,0
1.578263896,9.719699476480026,3.94811392,0
2.927878604,8.97865713299911,8.15239168,0
9.120877476,17.83109005312002,19.066097664,0
0.217010402,4.493510142134615,4.129746944,0
15.895103098,25.881471221759995,27.770376192,0
1.671147436,4.594274119679992,1.628434432,0
0.261605886,0.7175018496000004,0.89257984,0
0.202129411,4.1124680450101865,4.076376064,0
0.093486552,4.347786279420961,3.85837056,0
7.721748271,17.897504829439946,17.926004736,0
7.997990664,23.48484378624,17.61564672,0
0.580256909,2.2799969484799956,2.357260288,0
0.9601175,13.630163128320039,12.662083584,0
0.595096086,2.4654710169599907,2.138800128,0
0.260184387,0.7058518835200006,0.706179072,0
0.114718857,4.849568636677052,3.904970752,0
3.106133199,12.421934269147439,16.5573632,0
2.796297088,7.2352477119146625,9.733632,0
0.245215532,0.6556908134400019,0.658558976,0
1.1095788,2.6474484312746602,0.21256192,0
1.186202589,3.4797356236799972,3.201953792,0
2.012986988,7.1868962815999815,15.534948352,0
15.718248386,25.483991285759977,17.283178496,0
3.986862917,14.894961090559995,13.709062144,0
0.187473702,4.717981533650825,4.059529216,0
0.193846227,4.6517737980321705,1.43867904,0
0.114718857,4.849568636677052,7.345426432,0
0.187473702,4.717981533650825,4.06284288,0
0.272115439,4.752224722523909,3.911868416,0
0.227557042,1.9845626675586332,1.525563392,0
0.551468271,1.7437594009599997,1.432694784,0
0.220043466,1.5042690867199986,1.491017728,0
9.09891926,15.94162274303997,13.559222272,0
0.22344427,7.510076237493013,0.61630464,0
0.226126809,1.5211300044800005,1.525481472,0
1.282540924,5.8795817164799935,2.248708096,0
0.130405556,0.4491699199999999,4.419866624,0
1.666599697,4.4618261435733215,8.899272704,0
0.037762387,6.099032268800003,3.735543808,0
0.612693222,2.471411259538288,2.339590144,0
0.256423196,0.6808837529600027,0.70014976,0
0.225959661,1.5200260300800008,1.499721728,0
0.007524505,4.321025630149752,3.673452544,0
0.020797338,0.2397454335999994,0.238915584,0
0.676285687,3.4771532185600034,2.656444416,0
0.263181278,0.7049942220799995,0.691273728,0
0.019190788,0.24571426816000028,0.234016768,0
0.258682888,0.6995326566400024,0.700858368,0
0.606228102,2.315970430293329,2.444255232,0
0.01781543,0.23192174591999973,0.221597696,0
1.496024439,3.2354621644800097,2.888630272,0
0.453108199,3.6176168345600046,1.134952448,0
0.030622341,5.693098486076377,6.224023552,0
0.251190008,0.6970408550399987,0.6679552,0
0.0228508,6.169787093674663,3.296600064,0
0.613526901,2.3153304978773357,2.395783168,0
8.199419873,17.42093189119999,24.458518528,0
10.257936491,19.238736732160017,18.373955584,0
0.946518507,2.397906350079994,2.654601216,0
0.411152471,6.489002441386659,1.166245888,0
39.607317273,32.212593561599974,32.212516864,0
1.16313759,4.933450717866678,13.016670208,0
3.205078723,10.557939650559971,5.319016448,0
10.52256092,21.974693232639993,17.144594432,0
0.603913774,2.272698879999995,2.505936896,0
0.940569635,1.960430755839996,2.653712384,0
2.913786379,5.579625668169146,9.770930176,0
0.205905889,1.5038719709053965,3.7572608,0
0.114718857,4.849568636677052,3.904745472,0
0.328103996,5.620613743898057,4.367806464,0
0.001188068,0.3003518117677378,0.267722752,0
0.000126593,3.287792237870482,3.324100608,0
0.278546435,0.7486294425600002,0.745197568,0
0.03134079,0.27353630719999983,0.238882816,0
5.229646312,13.51103266816001,10.631405568,0
0.088152763,4.347786279420961,6.605234176,0
2.564475106,9.150956825599977,6.493827072,0
0.019337137,0.24608075776000027,0.235220992,0
0.001188068,0.3003518117677378,0.470278144,0
0.132930511,4.473275395948129,3.948822528,0
9.963249677,31.434014023679925,32.205893632,0
4.639783623,15.372608757759986,14.347866112,0
2.054173735,11.793821450240024,19.795144704,0
0.608585694,2.520336066560004,2.400718848,0
2.414862,4.272541614079988,5.4243328,0
0.232319562,1.5419233280000002,1.54114048,0
0.164619977,4.804637962239999,0.678694912,0
3.951763356,14.532213351765325,14.270980096,0
0.665591234,3.282048327680004,7.148077056,0
0.002780344,0.22639324774400027,0.23400448,0
0.093486552,4.347786279420961,3.84831488,0
2.089874248,3.777967821062396,2.568810496,0
4.737503409,15.127303966719992,16.116908032,0
0.21171819,4.885021966917024,4.092403712,0
0.259520943,0.7019292467200015,0.70254592,0
0.05078052,5.389600586542356,3.62426368,0
3.246881992,8.115825757964192,13.821308928,0
0.045442085,4.016595886080013,3.80823552,0
0.209897081,0.626507304960002,0.822808576,0
0.261196483,0.7372257484799997,0.708022272,0
0.000396491,0.19737593856000005,0.200482816,0
0.227875183,1.541925644911306,1.507139584,0
0.21171819,4.885021966917024,4.100763648,0
0.49457485,1.8017802649599977,1.189003264,0
0.336143541,5.808120082844373,4.568567808,0
0.132930511,4.473275395948129,3.92462336,0
0.25360486,0.8286655078399978,0.675516416,0
0.007524505,4.321025630149752,3.670593536,0
0.268112139,0.720331919360001,0.722198528,0
3.59369767,12.34424264704,13.701173248,0
3.706776119,9.55249672192002,8.324063232,0
16.976069079,27.36966330368,24.215281664,0
0.605364354,2.393164320426657,2.61599232,0
6.549e-05,3.8789109455942463,3.622064128,0
8.116466276,21.487036805119992,25.647788032,0
4.021381732,14.312167608320026,12.7577088,0
2.474426267,4.405694388378412,13.424738304,0
2.75407325,7.448268510549326,9.847742464,0
0.22881864,1.631651880959999,1.532809216,0
0.086966135,0.34033886354285703,0.38457344,0
0.226564678,1.5162730291200006,1.52666112,0
25.741877026,29.544557892364097,27.927711744,0
6.829016519,18.254958923093387,17.65023744,0
0.148876741,4.314034455977572,3.96316672,0
11.314946125,16.76294584320003,21.444919296,0
0.215540446,3.2257475993600013,4.135002112,0
0.148876741,4.314034455977572,3.981561856,0
0.708024783,12.54778165247998,1.998073856,0
0.604092221,2.2595219456000035,2.407387136,0
0.479775313,1.2408198690133343,1.747767296,0
6.918766509,19.42247213397332,20.301398016,0
0.528026147,2.6759922295466754,2.243969024,0
1.1551e-05,5.783864227498658,6.23929344,0
0.148876741,4.314034455977572,3.981590528,0
0.362030677,5.761561067519997,7.924199424,0
3.50048859,9.75653378048,8.82573312,0
9.921658487,29.357920092160064,32.29749248,0
0.223863302,1.5068311142399955,1.500368896,0
0.594230744,2.3972243046400044,2.331037696,0
0.54114141,8.496018370560014,7.645405184,0
0.014158348,0.21630810112000037,0.2246656,0
0.623970751,2.2541335784350487,2.446118912,0
0.21171819,4.885021966917024,4.11559936,0
7.618746437,16.395191441407988,13.448863744,0
4.788057043,11.53898330112002,18.666663936,0
19.118536086,27.86992188415995,28.197261312,0
5.713230818,18.538476749141342,12.484767744,0
0.143095221,4.4431368943028025,3.951714304,0
0.001945488,1.9531680529066593,6.40258048,0
0.371042756,0.9351387122346657,0.186109952,0
8.10619162,22.75710488575999,16.00401408,0
7.85706284,15.5236460544,15.128428544,0
0.251995391,0.6717780992000008,0.671010816,0
0.158040808,0.9973660805120015,0.689553408,0
0.229501184,1.5554926796800048,1.532203008,0
8.11234099,22.75710488575999,18.207903744,0
7.986444442,20.505441116159954,24.578715648,0
2.761980506,11.128627226965355,10.075705344,0
0.235690579,1.5138220646399978,1.545285632,0
0.148876741,4.314034455977572,3.98159872,0
0.594608482,2.4973903871999994,2.331713536,0
0.225105748,1.5042139955199993,1.496326144,0
0.218813069,4.72643806733351,4.130975744,0
3.16020877,13.99476061525332,13.707825152,0
0.217010402,4.493510142134615,4.128387072,0
0.204406584,4.568734457030541,4.096897024,0
20.272363524,28.604358872746584,32.212385792,0
0.256331018,0.6859639398400003,0.678060032,0
6.406087872,13.947870528536376,13.10015488,0
1.281575024,8.34836834304,4.269973504,0
12.201686973,22.48047734442667,20.913430528,0
0.008669924,0.21566603264000023,0.210182144,0
18.795249736,27.142210846719944,24.38391808,0
3.092336715,12.664257740458693,12.73747456,0
0.202129411,4.1124680450101865,4.073893888,0
0.000126593,3.287792237870482,3.2514048,0
0.220791206,1.4981881036799995,1.50786048,0
0.093486552,4.347786279420961,3.861131264,0
5.352350205,21.493704314879988,12.960272384,0
7.897821277,18.577264455679966,15.636017152,0
0.052276877,6.434927956534853,0.289763328,0
0.001943117,0.20634792891733345,0.227934208,0
6.5483e-05,3.8789109455942463,7.004770304,0
1.065287326,2.8095920332799955,3.104423936,0
1.033947983,2.631222497279996,2.769874944,0
0.201105934,2.890001502021819,1.453940736,0
0.187473702,4.717981533650825,7.634526208,0
6.522939069,16.882460057600007,15.33904896,0
0.071558567,0.4081364710399999,0.567865344,0
20.682077302,27.00290041856004,22.969061376,0
6.5486e-05,3.8789109455942463,3.643994112,0
0.248533461,3.1862888857600047,4.215988224,0
0.224177504,1.50585530368,1.493331968,0
0.21682671,1.8852972925707103,1.48000768,0
3.668805084,13.508937420799974,8.339456,0
0.000230969,3.3053081392330963,3.285262336,0
3.983808456,14.812458270719993,14.86553088,0
0.218542554,4.873469156564816,4.102549504,0
1.674253736,4.260202803199998,4.349054976,0
0.199095678,4.650962758030619,4.086587392,0
0.220535243,1.5047248281599976,1.49080064,0
8.360306346,20.382159257600023,24.074756096,0
0.030622341,5.693098486076377,6.332145664,0
0.228712984,1.4825243647999995,7.835389952,0
0.212570721,0.7634831769599999,5.744943104,0
0.001188068,0.3003518117677378,0.471396352,0
0.843557319,12.020299202559988,13.244862464,0
1.012295764,2.2441056665600025,1.726803968,0
0.024158341,0.24687661056000088,0.2410496,0
0.606228102,2.315970430293329,2.75953664,0
0.253537953,2.364983807999995,0.68630528,0
0.420922566,4.628852469760004,7.503228928,0
0.261419156,7.083228184482534,4.260061184,0
6.5492e-05,3.8789109455942463,3.717074944,0
46.115693264,32.212545044479896,32.21264384,0
0.006373546,0.23249844223999946,0.237420544,0
2.854838851,13.017292533759964,16.227627008,0
0.064494448,5.692509258031821,6.922215424,0
0.108387976,4.138269440150464,5.335855104,0
0.279762398,0.8437438463999994,7.879626752,0
0.218813069,4.72643806733351,4.134187008,0
0.256668043,0.6821410201600032,0.67874816,0
9.555185552,19.805564395519962,19.9563264,0
0.939080446,1.9353394585599963,1.606742016,0
0.004080477,5.355061002239981,6.707802112,0
0.029872452,5.293320865845084,6.334246912,0
0.286498374,0.6954192281600003,0.771948544,0
0.233030174,3.534534000640006,7.514140672,0
0.029906274,5.293320865845084,7.309623296,0
0.238154716,1.5566634803199983,1.55387904,0
0.2204534,0.7112874120533346,0.644202496,0
2.989094526,8.001703858614873,9.372909568,0
21.72461798,31.200896143359927,27.338256384,0
0.273532062,0.7424913612800004,0.733978624,0
8.852040971,17.650826711040004,25.821130752,0
0.579437981,1.716332803413334,1.62832384,0
3.075370215,12.587935534762687,7.996981248,0
0.254363834,0.6763463679999994,0.67784704,0
4.762874556,10.651996057600018,11.0294016,0
0.62238379,2.2399744163839923,2.495381504,0
10.860101827,17.222447943679985,14.907355136,0
0.257206881,0.6898179276800023,0.69793792,0
0.127513063,0.7501850009600001,0.379195392,0
0.202129411,4.1124680450101865,4.095008768,0
0.542869306,2.385828324693334,8.885174272,0
0.001837143,0.22163718407314328,0.201383936,0
0.291458643,0.7265873851164433,0.707620864,0
0.131803618,4.473275395948129,1.574211584,0
0.559797118,2.4282017091291452,1.327804416,0
0.255313489,0.7129276620799996,0.67565568,0
7.544693244,18.503206484845727,14.920359936,0
4.46536304,10.39211248537598,10.00167424,0
3.432308407,10.218513981439992,5.7652224,0
0.276809513,0.6068832051200012,0.788688896,0
1.636014072,4.177124188159996,10.923810816,0
0.013125919,0.21577738239999966,0.225329152,0
0.231982711,1.5416522956799992,1.517965312,0
6.006931832,19.126945628160005,19.043119104,0
0.172195172,4.106933007511689,4.0329216,0
0.037758922,6.099032268800003,3.737219072,0
0.004368049,0.22605662207999988,3.0119936,0
1.223917965,3.900647587840007,2.745769984,0
3.795824138,14.556760350720003,14.499504128,0
1.484176097,10.750685532159986,12.770787328,0
0.187473702,4.717981533650825,4.062056448,0
0.611591022,2.3040916705279995,2.351484928,0
0.269800676,4.752224722523909,4.241829888,0
1.674337176,3.8566609715200104,4.313509888,0
0.231333921,0.6298164633600004,0.579985408,0
0.248793252,0.6468273766400003,0.666742784,0
0.590762,2.210217152512001,2.08562176,0
4.47148769,14.08226996224,9.563267072,0
4.531026612,10.849294648319999,10.29828608,0
11.831844119,22.99215452160003,26.020892672,0
0.596297895,2.3074333900799973,1.379618816,0
0.570797844,2.3390362163200034,2.245042176,0
46.115693264,32.212545044479896,32.212516864,0
1.946374533,8.151119175680023,8.98328576,0
5.471509706,17.778829658111977,19.953885184,0
0.37104187,5.7312894566399954,8.029364224,0
0.223995261,3.33087553852953,0.61906944,0
0.199088344,0.7569604799634284,4.396285952,0
0.030622341,5.693098486076377,6.180810752,0
0.245757709,1.5667340083200023,1.575845888,0
0.204406584,4.568734457030541,4.075773952,0
9.348714872,18.715099791359975,21.655912448,0
13.711185056,25.34783665766397,22.285860864,0
2.609708026,7.992006644735981,11.422322688,0
0.618056696,2.368445930154671,2.523029504,0
0.253828977,0.6812733644799994,0.674123776,0
7.397768178,18.14534154239998,16.92934144,0
5.148118895,16.970858803199977,16.264286208,0
0.542260927,2.385828324693334,1.415528448,0
0.258502068,0.6999510220800021,0.696664064,0
0.22177385,1.5049045606399978,1.509961728,0
6.818224468,18.254958923093387,15.213740032,0
3.887712334,18.200126972586716,13.428228096,0
0.610973212,2.378864109226663,2.108760064,0
0.599132243,2.3265448014506656,2.62895616,0
2.395903118,10.055098531839992,9.516040192,0
4.005260762,15.076719144959998,12.235153408,0
2.089874248,3.777967821062396,2.596896768,0
19.940392482,27.27323663530665,32.212516864,0
1.872321934,8.51241091072,11.094974464,0
3.780776625,13.90616193024,17.578713088,0
0.222564204,3.7824345554163865,0.643391488,0
0.960219933,2.620371169280003,2.665783296,0
0.08880476,0.349422303329524,7.071440896,0
0.172195172,4.106933007511689,4.036096,0
0.004947818,0.4590199627093331,0.233971712,0
13.693571469,25.34783665766397,23.790010368,0
0.223592995,1.514369556479999,1.502752768,0
0.223849285,1.506225418239996,1.503358976,0
0.004727994,0.8476070109866667,3.012939776,0
3.795017959,14.559471575040002,14.126968832,0
0.453122603,3.6176168345600046,1.136934912,0
4.515867128,14.345480396800006,7.27959552,0
6.5489e-05,3.8789109455942463,3.621507072,0
0.195842909,0.7633577561234284,0.729411584,0
0.652128476,5.496870174720005,2.146275328,0
0.425012153,1.5542851754666653,1.200254976,0
0.001188068,0.3003518117677378,0.269651968,0
0.264101917,0.7157890047999991,0.712474624,0
1.674264542,4.277746135040013,4.281700352,0
0.003713344,0.22317049036799957,0.201437184,0
0.247280474,0.6669195673600012,0.639246336,0
12.201686973,22.48047734442667,21.730062336,0
33.164450449,32.212530196479875,32.212516864,0
9.295509547,18.877648076800032,18.197786624,0
0.01501642,0.2411250892800007,0.248958976,0
0.262909638,0.7097743155200013,0.707780608,0
6.452062386,12.807439978788548,12.979232768,0
3.473364215,11.590320619519993,13.153501184,0
6.103381536,16.578018713600017,13.31372032,0
0.03201349,0.2688430694399996,0.239755264,0
0.157577474,0.9973660805120015,0.697225216,0
0.611550554,2.3040916705279995,2.0688896,0
3.266543026,11.11699734527997,8.519274496,0
0.0119142,5.850193412209837,6.922436608,0
0.202129411,4.1124680450101865,4.101005312,0
0.569776877,2.339611748303242,2.475483136,0
1.10722627,10.117818725377477,12.84702208,0
2.943157002,5.845806556550099,10.462097408,0
2.383765573,11.10971035648002,8.6099968,0
1.152737173,4.977178031786678,13.971697664,0
0.148876741,4.314034455977572,3.983323136,0
0.018512978,0.23204104192000036,0.250089472,0
7.101481945,12.032531387684905,14.546649088,0
0.00016917,2.7140228912331024,3.281928192,0
0.218542554,4.873469156564816,4.125863936,0
16.53462008,28.25024559103997,26.88786432,0
9.701815576,23.448779403946695,16.286662656,0
0.219156034,1.6310249131228554,1.492762624,0
6.610435513,21.028531505152046,19.199254528,0
0.104298879,1.1586457307428604,1.394089984,0
0.221479519,1.5101069107199956,1.490067456,0
1.281575024,8.34836834304,4.26350592,0
0.19435591,4.073048057298827,4.451131392,0
20.455670397,28.300681768959947,26.065977344,0
0.310853307,1.5994853526009314,0.18870272,0
10.825162082,19.479540940800035,23.215992832,0
7.846533008,15.803839057919989,15.75870464,0
0.172195172,4.106933007511689,4.010340352,0
2.340332234,10.280112721920002,8.674193408,0
9.816535992,21.468323334826685,20.17835008,0
8.29410117,17.896859094015966,21.23077632,0
0.884640412,2.8042687897600045,0.606703616,0
0.114718857,4.849568636677052,3.88358144,0
24.992692166,32.050946323212145,32.212516864,0
0.205320223,2.580506588564063,1.456173056,0
5.693084181,19.32177502412802,19.117023232,0
0.043858382,1.6990413823999961,0.252125184,0
0.187473702,4.717981533650825,4.05960704,0
1.39698547,2.720217354240002,2.420842496,0
0.606354433,2.320836068693329,2.399522816,0
0.192718886,0.7722069811199991,1.434632192,0
0.72768296,3.274711998464,2.810482688,0
2.947950063,13.110722575164969,12.052353024,0
0.814241004,2.2039157821439965,2.136805376,0
0.167886655,0.9627040358400007,0.750088192,0
0.05078052,5.389600586542356,3.623653376,0
0.221248944,1.5082347724799963,1.495289856,0
0.185748761,2.0774540092257263,4.078600192,0
0.148876741,4.314034455977572,3.964289024,0
7.919685175,19.64680617983994,22.908993536,0
1.647540528,4.634139832320003,6.934679552,0
4.530984804,10.849294648319999,10.004791296,0
0.139239987,0.562700297557333,3.938848768,0
0.240130178,0.6538327040000016,0.654364672,0
7.286853855,17.46035347309717,21.752541184,0
0.007524505,4.321025630149752,4.653244416,0
10.323205864,22.73529921536001,19.511218176,0
0.5233184,2.205279372970662,2.5710592,0
0.269800676,4.752224722523909,6.908039168,0
0.172195172,4.106933007511689,4.027195392,0
0.007524505,4.321025630149752,3.67519744,0
0.243647302,0.6411352883200024,0.970063872,0
2.498812107,4.53224540850793,4.044386304,0
0.612693222,2.471411259538288,2.03210752,0
0.264289982,0.7111183564799979,0.749297664,0
6.5482e-05,3.8789109455942463,3.631767552,0
3.221036374,8.02299188404419,13.26641152,0
4.364014783,14.828418731007993,11.960786944,0
0.183982925,3.478511759360007,1.405759488,0
3.246881992,8.115825757964192,14.530772992,0
0.19435591,4.073048057298827,4.0706048,0
3.379042842,12.288250449919996,12.947632128,0
0.214073751,0.6411553382400013,0.62386176,0
0.019986206,5.644206233088974,0.520790016,0
0.256509247,0.6808837529600027,0.681893888,0
0.040525708,1.2032414310399961,6.808449024,0
0.610211695,2.3931918551039955,2.537115648,0
0.013265905,4.406759106560005,6.144233472,0
0.603745811,2.2060612607999923,2.098741248,0
13.555038958,22.589578526719997,23.507451904,0
9.680288891,18.434127356586693,20.260696064,0
2.406743836,12.371445350400036,11.116158976,0
0.240092637,2.4160381747199993,1.54988544,0
0.272006201,4.752224722523909,5.96752384,0
6.5485e-05,3.8789109455942463,3.628634112,0
1.625411064,4.801190446421315,4.259352576,0
0.103534378,1.1586457307428604,0.794648576,0
0.167524035,5.059074008258904,7.562641408,0
0.519295027,1.6360242521234312,1.487241216,0
1.552463524,5.558549975039998,4.030808064,0
0.199095678,4.650962758030619,4.088221696,0
0.190704225,1.407999754240002,1.423212544,0
21.278482084,27.413436477440033,25.349300224,0
10.509148876,26.851783270400052,29.852012544,0
1.674255388,4.291856199679991,4.212936704,0
0.282431681,0.6026486374399989,0.757489664,0
0.255639571,0.6820496179199996,0.694411264,0
0.231222177,1.8023549132799968,1.538605056,0
3.838715696,10.735335649280035,17.848152064,0
24.150844897,28.371979144768275,29.0921472,0
0.209544447,1.6336320921599983,1.478811648,0
0.229761656,1.5216532480000031,1.52686592,0
0.269800676,4.752224722523909,4.242501632,0
2.268379873,11.283733331626658,4.119932928,0
0.207574786,1.485936721920004,1.474371584,0
24.160627584,28.257364721452646,23.091515392,0
10.257374302,19.238736732160017,20.689338368,0
0.218735382,4.72643806733351,1.506332672,0
0.222043484,1.4943935692800008,2.285056,0
0.007524505,4.321025630149752,3.6733952,0
0.227204095,4.576097632611821,4.14498816,0
24.150844897,28.371979144768275,32.212516864,0
0.600027841,2.5451390976000026,2.298421248,0
2.118189192,8.744268538134973,18.363686912,0
0.609706151,2.341768964778664,2.317344768,0
0.611791203,2.31167685632,2.484240384,0
0.588752404,1.844150828958475,2.575474688,0
0.202129411,4.1124680450101865,4.097560576,0
8.925431108,16.722113249279975,19.994447872,0
0.114718857,4.849568636677052,3.904315392,0
0.187473702,4.717981533650825,4.311379968,0
0.25721289,0.6898179276800023,0.68038656,0
0.778329193,8.157589647359986,2.37316096,0
0.24724793,0.6669195673600012,0.66942976,0
0.221492072,1.5101877247999957,1.507401728,0
0.25529895,0.7129276620799996,0.690642944,0
0.093486552,4.347786279420961,3.859259392,0
0.225643922,1.5221335654400026,1.50339584,0
0.676285687,3.4771532185600034,2.663989248,0
0.603716093,2.215380910079992,2.461954048,0
0.001188068,0.3003518117677378,0.269611008,0
0.147435622,2.4231336916934367,2.385461248,0
1.945843664,7.755520942080018,8.969650176,0
0.21171819,4.885021966917024,4.117082112,0
5.082195094,16.612666675200032,17.656561664,0
0.204406584,4.568734457030541,4.09171968,0
19.865203028,27.149448123733332,25.734774784,0
0.108387976,4.138269440150464,3.900362752,0
12.466777025,19.620968082773313,19.860783104,0
0.328103996,5.620613743898057,4.36912128,0
0.349935954,1.8461071018666702,0.508014592,0
0.19435591,4.073048057298827,7.652773888,0
0.199095678,4.650962758030619,4.06317056,0
4.213251972,10.628754350079976,10.649206784,0
7.197198533,18.91569363302398,19.503538176,0
0.215637749,1.709158871040001,1.479753728,0
8.441324799,18.83096057855994,17.455419392,0
12.201686973,22.48047734442667,20.41606144,0
0.268165413,0.7163122688000005,0.72491008,0
6.61270035,21.094288740352045,20.715016192,0
0.218813069,4.72643806733351,4.106899456,0
0.199095678,4.650962758030619,4.31620096,0
0.60326408,2.462736792429715,2.389757952,0
3.75017111,10.906111569919998,14.065369088,0
0.404262247,7.557496299520006,4.2070016,0
0.27985896,0.8437438463999994,0.743919616,0
9.782538428,32.003568567466665,19.014176768,0
0.011051835,0.2395754495999995,0.213508096,0
3.458768149,11.635543285759995,12.26551296,0
0.52322266,9.263801937920014,5.354070016,0
0.273592563,0.7424913612800004,0.71927808,0
0.602982256,2.3734582794239962,2.093920256,0
0.472926294,1.3295105024,1.630339072,0
0.269800676,4.752224722523909,4.239835136,0
10.392898961,25.464785059839983,32.286191616,0
0.445943332,1.1194078781440022,1.12525312,0
0.218542554,4.873469156564816,4.128677888,0
15.80248375,27.18305841151997,26.785763328,0
0.599866545,2.581874273280005,2.411855872,0
0.601501717,2.253849150122665,2.080587776,0
0.453122603,3.6176168345600046,1.143160832,0
5.33252761,19.73396369408001,13.88279808,0
0.256346691,0.6834689638400009,0.684068864,0
0.204406584,4.568734457030541,4.101648384,0
0.263977969,0.714754375679999,0.71716864,0
0.256243794,0.6859639398400003,0.6991872,0
0.013631759,0.21563619328000028,0.213917696,0
0.190087333,1.4190610431999988,1.41121536,0
0.232170439,1.543351439360005,1.538482176,0
0.225517591,1.5224811110399992,1.504088064,0
1.148711279,4.422648638122665,3.924209664,0
0.217010402,4.493510142134615,4.128239616,0
1.683278525,4.088424734720001,4.051234816,0
0.763320257,2.5936184121539028,2.147069952,0
0.147435622,2.4231336916934367,2.530746368,0
12.54901138,20.266046633983965,18.223808512,0
0.007524505,4.321025630149752,7.250010112,0
0.612930212,2.320714857959621,2.216173568,0
0.011661795,0.8939797981438177,0.220102656,0
3.189515932,12.176665368575977,10.311057408,0
0.160366074,4.93505637691078,1.344315392,0
0.776350253,6.774950297600006,8.178929664,0
0.613965272,2.3170621228373363,2.731917312,0
0.048287738,5.607275029873133,6.992556032,0
0.549663963,2.042718269439997,2.241388544,0
0.024445943,4.610174893884952,6.202544128,0
0.132930511,4.473275395948129,4.714082304,0
0.807650924,3.8429534412799904,13.027254272,0
0.220454128,0.7112874120533346,0.6091776,0
0.114718857,4.849568636677052,3.909677056,0
20.528968402,26.98957456042669,24.968118272,0
0.0,6.75835334865675,6.641291264,0
0.199095678,4.650962758030619,4.084281344,0
1.373096928,4.927770234880017,3.69946624,0
0.22835102,2.6095842508800082,1.535889408,0
0.715835384,11.307480043519984,13.442281472,0
0.75849339,9.579227770880028,12.96852992,0
0.226643007,1.5073922252800005,1.52098816,0
6.281255914,18.539588253500916,18.39806464,0
1.410323578,7.092436459520013,3.076284416,0
0.143095221,4.4431368943028025,3.964215296,0
4.483806586,10.474575123456006,9.070170112,0
6.549e-05,3.8789109455942463,3.6199424,0
3.936543615,14.544255736588202,14.720548864,0
0.435349206,6.847697203199988,8.950050816,0
0.205032125,0.5947891711999993,0.578134016,0
2.009960083,10.675658526720019,11.451367424,0
1.098292326,10.117818725377477,7.848456192,0
3.953262447,14.508475710805328,14.37341696,0
0.2202704,1.4968683724799987,1.484591104,0
10.706224279,20.578359582720044,23.790972928,0
0.72768296,3.274711998464,2.832474112,0
0.611550554,2.3040916705279995,2.382974976,0
0.746416415,1.7586598290773292,1.799421952,0
3.72622854,10.865523568640008,13.59171584,0
0.187473702,4.717981533650825,4.0593408,0
0.006077389,0.2194857369599998,0.204562432,0
6.84436071,18.750480365568027,12.894625792,0
2.260970186,6.776625869726474,4.902105088,0
6.330815369,18.018187417599993,12.224372736,0
0.21171819,4.885021966917024,4.11752448,0
0.227204095,4.576097632611821,4.14582784,0
0.816906434,1.9929486592000005,1.904459776,0
0.173336826,4.106933007511689,1.394663424,0
13.221862353,23.42795281983392,31.015038976,0
0.610171311,2.3931918551039955,2.113093632,0
0.033430256,2.2244610771382862,0.2796544,0
0.02018129,3.7721885467991956,0.518463488,0
2.089874248,3.777967821062396,4.155060224,0
0.19435591,4.073048057298827,4.05211136,0
10.52256092,21.974693232639993,20.103696384,0
3.245681713,10.961158635519967,10.769936384,0
0.607343998,2.3111694032213284,2.377539584,0
0.001188068,0.3003518117677378,0.468307968,0
9.396627426,19.904152330239977,20.906688512,0
0.193926572,4.948574605051167,1.44478208,0
0.194396086,4.073048057298827,1.437425664,0
0.190363574,1.4022698598399996,1.43249408,0
6.184352295,20.476741911210677,19.914145792,0
0.227204095,4.576097632611821,4.145823744,0
0.203034714,1.6180181245777983,1.4625792,0
1.674268382,4.334734233600006,4.34563072,0
3.704747862,15.030294855680005,11.58047744,0
0.143095221,4.4431368943028025,3.959619584,0
0.227204095,4.576097632611821,4.130988032,0
0.224846105,1.5106926591999985,1.124294656,0
0.773362923,7.87094601728001,13.89412352,0
0.030617014,0.2747735859199999,0.236806144,0
15.80615526,27.18305841151997,28.437782528,0
7.700260873,18.25178742442662,19.292217344,0
1.653263962,4.5864987648000035,6.637449216,0
0.269518234,4.752224722523909,3.926102016,0
6.906457863,19.60656745062396,19.029561344,0
7.46943206,12.925057028095978,14.183346176,0
0.108387976,4.138269440150464,3.874422784,0
0.200524342,1.4627134480628456,1.454211072,0
6.850017329,20.0907057237334,20.270854144,0
0.001188068,0.3003518117677378,0.469614592,0
3.828590357,14.149461442560016,13.266272256,0
7.656453538,17.083619657045336,14.20232704,0
3.512838767,6.401455468544007,13.072580608,0
0.021113727,0.23966556159999935,0.236105728,0
4.342145731,13.177030860799984,14.397833216,0
0.041109981,4.298038128640007,3.374710784,0
0.227839209,1.6285523358922156,1.528143872,0
0.836793984,2.946678429695997,3.093377024,0
10.485684112,26.727900590080047,30.066774016,0
0.994216664,9.078493020160012,13.29113088,0
0.269800676,4.752224722523909,4.226699264,0
2.227034572,10.96718993407997,9.950273536,0
0.799460678,2.737100704426668,2.775498752,0
0.571017564,2.3285529600000032,2.595508224,0
0.001188068,0.3003518117677378,0.270004224,0
0.605556616,2.4416804457813335,2.69103104,0
0.895631851,2.999039650133337,1.958764544,0
6.57275408,14.941572362240029,12.760788992,0
0.118903644,2.9662388727562807,4.000223232,0
0.246080874,0.6627830784000015,0.660938752,0
3.734242385,8.500396994559981,8.301879296,0
0.235071102,1.5410916556799987,1.537626112,0
2.460333752,9.10270780643554,4.368560128,0
0.007524505,4.321025630149752,3.674099712,0
0.600027841,2.5451390976000026,2.577866752,0
0.291457757,6.665329623039988,7.559450624,0
5.7446824,15.71844092177065,16.116199424,0
0.187473702,4.717981533650825,4.037595136,0
3.393236111,8.569683122395444,9.096577024,0
0.251564376,0.6818163916799995,0.6843392,0
4.043925109,14.161011691519969,14.225895424,0
6.549e-05,3.8789109455942463,6.944456704,0
0.408264716,9.35211759615999,7.823147008,0
0.187473702,4.717981533650825,4.062478336,0
7.905770578,18.43797952511994,15.201517568,0
4.360624006,14.515719051263991,14.124797952,0
0.218542554,4.873469156564816,4.28713984,0
2.150280889,11.651528800437914,4.907249664,0
0.222002352,1.9702031503847577,0.602165248,0
0.616707131,2.6387072119466652,2.264510464,0
0.132930511,4.473275395948129,4.13540352,0
9.1800489,18.366853509120023,22.305738752,0
0.030622341,5.693098486076377,6.3736832,0
0.248911771,0.6728619007999983,0.67915776,0
0.6076981,2.3637275231573343,2.511294464,0
6.600305566,14.668892327253356,13.585948672,0
1.850277895,13.268805632000001,14.015430656,0
3.342659635,11.566131891199998,11.883892736,0
0.256349142,0.6834689638400009,0.683814912,0
0.22308516,1.5142439116800035,1.507733504,0
0.269083703,0.727092735999998,0.706469888,0
0.204406584,4.568734457030541,4.075585536,0
0.204406584,4.568734457030541,4.101353472,0
0.19435591,4.073048057298827,4.303814656,0
0.249416825,0.6793314713600018,0.680275968,0
0.586030734,2.308814680063991,2.393706496,0
33.262666997,32.2125484236799,32.21252096,0
5.413161829,22.011824353279973,25.650720768,0
0.604537397,2.382606704640001,2.280738816,0
0.601245754,2.3170496116053285,2.64486912,0
1.674273418,4.3415059251200026,4.311662592,0
0.235227707,1.5426599731199977,1.539203072,0
2.715705928,8.365231122432018,6.849777664,0
0.022932779,6.165261063996947,3.130544128,0
1.768377176,5.660327137279999,5.47889152,0
10.52203479,19.390056120320008,18.025439232,0
0.221782632,1.9702031503847577,0.626229248,0
7.101477206,9.686757792844814,9.090277376,0
0.90119743,3.285819810133337,3.299663872,0
0.59624287,4.496697159679983,10.964742144,0
0.015829411,0.22823827455999976,0.232177664,0
0.328103996,5.620613743898057,7.371137024,0
5.148118895,16.970858803199977,13.977260032,0
0.187473702,4.717981533650825,4.061831168,0
4.812752697,12.639371694079989,10.7826176,0
1.789924579,4.925793382400009,4.970893312,0
0.172195172,4.106933007511689,4.02679808,0
0.114718857,4.849568636677052,7.485804544,0
0.02018129,3.7721885467991956,4.037169152,0
17.184173622,24.176634449920037,28.014440448,0
2.960160634,7.708177974954657,6.648774656,0
0.265714323,0.7173822873599995,0.722833408,0
0.093486552,4.347786279420961,3.860852736,0
4.606219334,15.281167933439988,11.458797568,0
1.35122767,10.564371005440021,8.552001536,0
20.990684794,27.571225907200052,32.212516864,0
0.199095678,4.650962758030619,4.059488256,0
0.641908041,10.986992128000015,1.814740992,0
0.057221808,2.3499175471786695,0.452882432,0
0.616550777,2.255952124927996,2.322034688,0
11.88359797,22.330151301119983,27.263676416,0
0.217010402,4.493510142134615,7.42928384,0
5.334871006,18.073962496000025,22.256238592,0
0.228059118,1.5820459827200029,1.380851712,0
6.480744704,12.035236297386673,11.66247936,0
0.251012629,0.6952830156799985,0.671924224,0
186.111646952,32.19393738752009,30.0669952,0
0.249278565,0.679153909760002,0.6606848,0
0.519503748,1.6360242521234312,2.358874112,0
8.847154638,16.37136588799996,18.85116416,0
4.319474751,15.654617190399943,16.871374848,0
0.228472325,2.6093028147200066,1.530789888,0
1.409085578,4.462325944320004,4.70816768,0
0.617348814,8.028063662080017,9.66623232,0
0.238622595,0.7230420377599985,1.016700928,0
0.88433328,2.8495715942400035,2.806738944,0
8.743312174,21.774830776319995,16.784617472,0
1.704314088,6.179946509653331,7.18276608,0
0.268684387,0.7096881561599985,0.724570112,0
0.143095221,4.4431368943028025,7.504314368,0
5.955927121,19.258516490239998,13.974884352,0
6.348030936,16.69749227949104,18.063433728,0
15.94380585,24.564428554240035,22.823407616,0
1.033812277,2.631222497279996,2.297913344,0
0.161705209,5.819956392959982,0.67606528,0
15.133313182,21.62256504831998,24.431706112,0
0.238564746,0.7230420377599985,0.637407232,0
1.1551e-05,5.783864227498658,6.05927424,0
0.012688437,0.27905983049142846,0.212365312,0
0.225621871,0.6211138969599989,0.62253056,0
0.22100775,1.5079956275199964,1.507217408,0
9.050614472,18.078057656320016,18.7544576,0
2.939002638,8.285817284607978,10.645794816,0
0.158652067,0.8457786583040025,0.6986752,0
0.00017057,3.2182243120331093,3.30108928,0
1.664145445,4.4618261435733215,4.211236864,0
0.029872452,5.293320865845084,6.118096896,0
0.015016661,0.2411250892800007,0.24774656,0
0.598837848,2.2974699052373317,2.287087616,0
0.255544584,0.6820254515199996,0.682774528,0
5.317493183,16.53641390080003,16.444358656,0
33.341084693,32.19409276927986,32.21198848,0
